-8.83186
1.83959
-0.0263074
7.25951
0.613669
9.33663
-9.08575
-6.11829
-7.01152
2.25548
0.0633997
-8.85293
4.79089
-5.55038
7.6108
1.88018
-1.54062
-7.42877
9.38536
-0.917932
-6.23393
3.24033
-2.41119
0.924792
3.39041
-2.54611
6.20506
6.89715
8.81105
-5.34839
-1.18151
6.29673
5.43573
-8.28474
-0.0523697
-8.97336
-4.57526
-4.38525
4.18437
-5.83077
1.95752
-6.14528
-4.16581
3.78191
7.81055
3.55698
-7.64894
7.81027
-3.81368
9.98758
-8.81189
6.27377
-6.05037
-1.53276
6.83881
-3.40618
2.04302
-7.43601
4.48379
-1.94019
-0.816687
6.74738
2.0078
3.23529
1.36537
-3.4159
2.99525
-5.8236
-1.34062
5.18926
-9.00136
6.56137
-6.21345
-5.05919
7.81252
-2.57789
-5.43693
-9.84345
5.14828
-5.35609
9.14169
-5.92752
-3.9716
-3.40843
-7.25473
4.41312
6.99903
6.27224
5.03246
-8.71637
9.05885
9.81541
5.1769
-7.97161
9.74033
-2.49253
8.05858
-4.10762
-6.65503
6.24451
9.59939
0.403282
4.77113
4.45736
-3.77099
-2.21077
5.09509
-0.97684
-4.19168
7.69845
6.04301
3.42928
2.19476
9.04264
4.26025
7.82839
-0.80217
3.81016
4.94211
-4.73606
2.19868
6.86245
4.5969
0.20934
6.51065
-6.47295
-7.30974
1.92153
4.01696
9.53319
-3.54452
-2.45728
-3.82064
1.61458
8.5938
0.28687
-1.32936
0.854904
-3.15613
-6.37254
6.21122
1.31215
-8.05924
-9.32052
-4.68529
3.18008
7.34986
1.77366
6.26034
0.0910705
-7.05479
5.69901
-3.53434
4.31084
-5.33315
-0.302073
7.34709
-0.489925
-6.14031
8.80615
-8.39185
9.32164
-9.24784
0.619297
-7.37358
-0.381948
5.22492
-8.56649
-8.77567
-5.20189
0.0576641
3.65696
-4.32713
2.59222
-5.80196
-7.55946
-9.58072
-9.96613
-0.192647
6.96295
8.94165
5.1631
-8.00128
-5.62878
1.56906
-2.59747
5.95674
2.98016
-5.61865
-5.13412
-4.26502
-2.75749
8.79739
-7.57674
-7.7458
-3.2022
-9.38433
1.27133
6.21814
-7.51361
-6.40943
-7.03632
-7.2656
-4.21614
6.67737
0.0872687
7.84907
-2.81244
0.489237
-3.42492
9.00915
-8.49426
0.969603
5.3852
-0.744346
1.9037
-5.45052
-4.86975
2.88132
-6.59257
5.94584
-6.80501
4.08377
-5.87557
8.14469
6.7354
2.09229
-2.20616
-6.05881
-1.67646
-9.80795
3.81984
3.68357
-3.68681
2.42393
5.3795
7.65423
-4.5081
2.47307
-2.45109
-9.05168
8.30478
-7.08899
-4.00872
-0.0300921
-4.25164
9.62156
3.24269
-6.98858
7.61454
2.58019
9.97149
2.13044
-0.396365
-1.60739
-0.953309
-6.93231
-1.77811
6.9169
-7.58992
6.70265
9.44713
0.240552
6.50126
-3.97702
2.81038
0.171547
8.5413
-7.64356
-4.45812
4.7022
-9.14136
3.30891
1.3152
-4.34837
-3.52737
-8.83944
-7.74101
1.48516
9.47949
7.14778
1.46572
0.3066
6.87047
5.91842
-5.79954
-1.05484
3.02147
1.37007
-9.79929
2.19729
8.30926
5.00765
5.47286
-9.51628
-6.47293
-0.108748
-8.74035
9.85209
-8.30213
-4.74588
9.61244
2.37013
-1.46304
-8.91675
-8.69596
-8.95303
7.52879
-0.438058
-7.47449
-3.4105
-8.9996
-3.46997
-5.40111
-4.7931
-4.34697
5.33786
6.29634
0.541124
-8.97709
6.03561
4.58486
8.41106
-1.13458
2.18955
7.82795
-8.24068
7.38678
7.25658
9.59766
2.89465
8.79225
-7.05612
3.0196
0.301214
-5.70115
-2.03966
9.54185
3.97506
-4.59508
0.72253
-5.45202
4.04386
-8.03505
1.664
0.50221
6.49053
-0.0593334
6.62882
9.30735
2.85571
-1.64025
3.28791
-4.92368
-9.87567
5.09322
-2.45899
-9.82273
6.455
-6.04477
0.461524
-2.36191
8.39795
-3.95673
1.57367
-3.97526
-2.25971
-8.80922
8.24846
-4.20744
-0.348414
-8.76924
-0.0397753
3.71092
-1.52382
6.11215
0.311302
-8.04187
9.99074
-7.27185
8.42606
6.36083
7.43976
-9.1238
-2.08429
2.31314
7.96261
2.65538
-1.43684
-6.73227
2.48102
2.71294
9.67723
-5.73046
8.63633
-5.71501
0.283386
-1.45778
-2.57687
-2.54435
-0.416728
-1.81284
-9.20402
-5.68284
-9.88069
-2.02076
2.32616
3.89485
-1.42367
-5.78211
5.11584
6.26201
6.95741
-3.39542
-8.6395
-1.01918
-4.13621
0.96969
-6.52778
3.94823
6.73033
2.97573
-3.6163
3.2945
-9.87672
-0.8935
9.95633
8.88435
-9.33897
-9.44987
-3.7125
-8.77429
7.90159
-9.94954
-7.3118
-4.46935
-2.15696
1.29726
2.27899
0.94232
6.75895
-2.37098
2.19117
4.49725
2.25773
-7.78077
7.48289
-4.49642
-5.91042
8.80996
-3.12766
5.26547
-3.2295
1.55783
-4.40058
8.36525
9.05316
-1.40649
-0.936055
-2.76314
2.21449
-1.79577
7.82485
4.04371
-5.31924
-6.31898
-3.88387
-9.25376
8.36183
-4.80907
9.83967
-2.14913
9.97278
-0.283905
0.191598
8.13211
-4.60142
-3.86634
1.39168
7.38108
-2.31467
7.69408
-2.30221
9.0399
-0.538743
2.10442
9.84927
-7.17407
-7.49465
6.56236
-5.29754
-6.15952
-6.14097
-4.34509
6.07258
3.21216
6.44366
1.08416
8.21356
-5.62169
-1.20287
-1.42694
-3.95204
1.30263
3.52912
6.71451
4.8647
2.221
6.7334
-9.55643
-5.04605
-8.83019
-5.73404
6.53784
8.33227
-8.83653
-2.05852
-3.80338
1.67438
-0.654466
1.82007
9.24252
4.72094
2.94756
1.42027
2.56738
1.24704
2.97064
-3.47069
1.65812
-8.81115
2.9896
9.98082
5.75183
-9.66598
-3.48755
3.08645
4.55741
-2.75544
-3.63448
5.15841
5.53321
6.52242
2.3876
-4.37755
-3.77449
0.432364
3.38524
7.53862
4.76626
6.11174
0.222265
9.92162
4.72462
-1.46665
8.79499
1.15289
7.34489
-2.98296
-5.49864
-0.870813
6.83336
8.9442
-1.02165
6.79035
-7.35776
-6.48539
1.00292
-0.434382
9.3158
2.5562
7.48365
-1.61091
-0.0997858
-2.22069
8.68318
-3.35906
6.4756
4.24209
0.787686
9.11154
2.15897
9.51079
5.57264
7.36633
6.87704
4.96829
-6.58759
-0.725046
6.05517
-0.581935
4.76275
5.58903
1.66495
-8.4145
4.34355
-3.00056
1.18088
-5.07011
9.70753
8.83061
7.09167
9.51061
-4.843
-5.74769
0.683524
-2.77919
-3.16614
1.48742
-5.34014
-9.2019
4.34093
5.90911
3.40045
-2.50943
7.84869
8.1562
3.71574
5.50929
-7.99147
-2.4822
7.05991
7.40706
-5.84881
-7.02359
-6.62188
7.82288
-5.47166
-1.35564
-8.05637
3.72094
1.40194
6.13497
-6.63562
9.99041
-0.443731
2.99403
-5.10551
-9.71776
3.5713
7.05805
-3.4246
7.02554
8.53525
-6.05571
4.66581
2.03745
-7.3167
5.3181
0.22706
-7.07411
-4.06434
4.69162
-8.65259
-4.94212
2.9909
-5.0862
6.86687
-4.73817
2.34151
5.90596
-5.03332
4.24781
-3.53664
-4.66614
1.79001
9.12617
-8.05523
-9.39729
1.35107
6.10375
0.235525
-6.30492
9.16986
-6.27556
4.09162
-4.11606
6.95203
-2.25639
6.06365
6.24861
-4.35624
5.29517
-6.76773
4.26662
-1.43162
-4.60264
-3.14809
4.67738
-2.85417
-1.41503
1.95715
3.50721
8.77051
5.64828
-4.04189
2.86166
-7.54597
-4.23671
7.76007
-6.85174
-6.68484
-9.06325
1.25688
-6.83153
-4.78022
-3.55316
5.7504
8.4542
-7.04637
-2.81401
7.83285
-2.17547
5.17413
5.41399
-3.25626
7.96984
8.77476
-4.11805
0.696204
0.561409
8.7551
5.62444
2.99236
-0.373578
-2.41293
-4.46286
-7.94275
6.47533
9.57688
3.31959
-7.72618
2.13667
1.83303
-1.80915
6.46628
3.923
-0.0378987
-0.735529
-4.86182
-6.6385
7.14135
-4.55401
1.5196
-8.72109
-3.81573
-4.3981
9.82121
5.39754
9.8618
-4.48491
-8.14804
3.50819
-7.88168
-8.67512
4.6632
7.32607
-3.20988
7.84621
-0.21966
8.76324
-1.32712
-8.96657
8.82966
-9.11972
9.77895
5.12155
7.23349
3.59117
9.6787
-8.57292
8.71272
1.72924
9.04405
-6.23025
-9.50394
-3.15714
8.83341
-2.10544
-0.401434
-0.356687
0.713205
-6.39488
1.81588
-2.99626
6.85379
-0.402871
0.0186401
4.49727
-3.47139
-5.19509
0.0673724
5.41979
-6.8379
-4.39745
-0.340782
-8.11641
6.60184
6.15839
6.43356
8.77158
2.23414
-3.08861
0.786013
2.05001
9.73367
-7.63098
-9.5362
-1.84717
-8.83752
9.62787
7.84751
-1.05829
0.0493349
0.163798
-3.11626
-0.760961
2.03882
-6.93757
0.252744
2.31983
-6.43676
-6.93853
4.17877
-1.71449
0.435437
3.21346
9.27634
-4.75523
-6.22487
-7.12608
2.24138
-7.92694
-0.43348
-3.13935
-8.37451
1.65354
1.51333
2.36272
8.26788
-3.57637
-1.36432
4.41271
9.41081
-5.67244
-9.02134
-2.05444
7.60898
-2.4631
3.42704
0.687353
9.09489
-7.76198
1.30614
-6.0552
9.42354
3.15285
-2.62716
-8.0385
0.449325
-1.92721
-9.05029
-9.40685
5.75436
6.42428
-7.86855
-5.08514
-9.36668
-8.30983
-9.19138
6.85908
-2.96091
-5.61301
8.13526
8.50028
8.21368
-6.68909
-8.74773
6.12726
-2.91057
-4.95553
-2.38097
-6.69071
-2.72183
1.45181
8.06367
7.86689
-3.78442
2.33764
5.31459
-5.33851
-7.24862
-5.07984
-7.19
1.64365
2.44322
6.64915
5.29911
-4.5684
4.6039
5.63004
4.2619
1.17843
-2.33575
9.99581
-3.59062
2.53811
0.853192
-0.432446
-0.778536
-4.37134
-1.9178
-0.308611
3.1859
-2.9474
7.08591
6.92392
-6.51769
-7.13402
-3.542
-7.98393
-5.51426
-7.95097
-6.31087
-0.768734
6.63316
5.24637
7.43098
-1.69229
-2.2955
4.59745
1.05939
1.27782
-1.97019
2.21658
-3.41531
9.894
-7.02686
-1.28338
-2.23406
8.64522
5.49859
6.07344
8.94668
5.4135
-1.25386
-5.36464
-3.02373
-2.09766
-6.80223
-2.70978
3.25574
-5.67262
7.87367
6.37244
-7.5907
5.80637
0.551427
4.04692
4.59992
3.80271
1.5508
4.43009
-3.3366
-3.69685
0.28388
-3.05114
9.92285
-7.34805
-2.53735
3.30639
-8.02627
9.68538
0.320895
-5.60908
-1.58435
-4.35774
-2.00455
4.56679
-3.71496
-3.0414
1.68711
6.62206
-8.04383
4.24214
-5.44117
5.37527
5.9835
4.28125
-7.48245
7.28764
-0.47314
-4.24818
-5.13421
9.671
0.712859
7.28661
-3.08572
0.0747923
3.93696
-8.23236
-8.55765
-5.41398
5.40746
3.16065
6.61753
5.05837
9.19449
-0.940265
1.68986
8.23521
0.00650404
9.54152
3.32405
4.44314
2.51785
1.19617
2.49848
6.66952
8.27114
-6.37759
9.9734
0.620193
-3.75362
7.62543
-4.28851
-2.43123
3.70791
2.28141
-9.56335
-9.19666
1.8039
8.43335
-5.33466
6.16055
2.80907
4.62789
8.77973
-8.0161
-9.61138
7.61925
-3.4182
-5.11328
-6.34755
-7.95327
1.63739
-2.46003
-6.79253
-4.50995
0.763678
-7.50064
-8.63951
7.63794
-9.77838
-7.44119
7.84232
-8.34992
8.34684
0.55308
1.00002
-3.10937
2.1021
-1.22118
6.73017
4.06802
-4.21312
5.67067
3.21166
4.49683
7.13406
2.03008
8.75893
6.8316
-8.69054
-5.50556
-1.81069
8.40176
-3.22741
-4.84992
-4.37515
-0.545681
1.22931
4.89561
9.58778
1.50404
-8.49948
7.57417
-9.13271
-6.02244
-8.6564
-8.20078
1.51816
3.86014
7.21033
9.14745
-8.60905
2.61522
7.53106
-1.10766
-1.00228
-6.18562
8.11878
-9.82193
8.80542
8.31697
-0.760865
8.51842
5.0534
5.16669
1.1564
-7.65111
1.05609
-6.61978
9.71732
-8.77923
-3.86541
9.3071
4.762
-4.17212
-6.40964
-2.88042
-2.34473
-6.31664
-8.4269
6.1871
-6.37414
-3.23552
3.69732
-7.39326
-3.68952
9.22725
-7.46453
6.06461
0.163423
-3.66753
-8.32106
-5.37757
-1.73921
8.55613
-8.75564
-4.84945
3.36468
7.57717
8.15485
-3.78385
-3.40702
-9.89533
2.20317
2.60146
-3.8474
9.54764
8.07288
-0.351915
-3.36081
-0.871685
3.73992
3.7441
-6.50263
-0.458034
-1.10837
-1.00818
-3.70081
2.58371
0.393356
4.98422
5.27138
-6.23327
2.92108
6.30506
-2.46327
-7.11639
4.49657
-0.456798
-9.80667
4.30914
1.95175
-8.97033
-3.18565
7.77077
8.77004
-0.01724
-9.80224
-3.95706
-3.92758
3.16122
8.03178
-4.15997
0.818511
3.41898
-1.81979
0.937196
7.9709
-5.26799
-2.04133
7.64831
-4.86736
8.39378
-3.69429
-0.790756
-0.967881
1.28068
1.20333
-9.11277
8.52886
-1.43699
-3.0677
6.86115
-5.80811
-4.76483
9.43485
-5.24689
0.917637
-2.32306
3.68912
-2.63855
-1.22523
-3.48514
-2.12311
3.43464
4.87233
2.77015
6.36202
-8.41829
-7.56153
2.16162
1.01695
1.54816
-5.32189
-1.9555
9.97798
-5.43003
2.86719
-3.56171
-0.974005
5.38606
-1.62774
0.619988
-4.15718
0.341072
-4.99949
5.58717
6.55893
-6.99619
-5.25591
-8.85515
0.27495
6.58603
0.354192
7.31985
6.40724
-6.54381
1.34517
-2.80232
-4.60859
0.0509278
-4.61634
-5.88615
1.90085
-9.0963
9.26699
5.48068
5.54034
-9.69218
-2.13952
1.52003
-5.99282
2.84494
-4.22416
-0.00535659
-7.16236
4.73823
5.87673
7.9392
1.7509
3.39126
6.85117
-2.29752
-4.24621
-9.22766
-4.63833
-9.29521
-2.12097
2.28493
8.25615
0.62989
5.8099
2.77448
-1.11034
4.81247
5.62139
-1.72778
-4.02416
3.91775
-0.81938
0.43851
-8.92235
-4.7332
-3.05249
1.47803
-5.30924
-6.96755
2.3645
-6.84598
4.01551
1.7684
7.89684
3.58892
-3.58971
-9.84315
4.07109
-9.47291
9.94138
5.34447
2.35968
6.93629
0.472757
9.72567
9.08684
3.08706
-2.23058
0.529225
-7.88775
3.98194
-9.17427
-3.86409
4.12062
-0.8168
-4.90373
-6.17043
-2.03987
7.24316
6.83239
2.85392
-9.50734
4.17307
7.95762
9.46558
-5.48029
6.35473
9.8067
-8.54253
-5.9809
6.22691
6.87522
6.75397
-0.531386
-6.24956
-0.937943
1.59234
8.55754
9.41999
-0.37019
0.00675055
7.02144
-6.64322
8.4654
8.3895
6.41749
9.25762
-1.28552
1.44619
4.93805
7.72666
-2.67942
2.58031
-3.79744
-1.62485
-5.43218
0.391108
-5.45252
8.20114
-2.13823
0.363467
6.63976
0.877842
4.45549
7.84832
-5.92869
9.9725
-4.27999
-4.98082
3.56452
2.63333
1.2638
-5.35279
6.95601
-0.668329
-0.56731
0.3319
6.46826
-8.19808
-3.51228
-6.61604
-1.0253
-6.08112
0.398003
7.07496
0.878623
8.98761
-2.6589
-0.30374
-9.46549
-1.54417
-4.36663
-1.87366
3.33083
9.61548
-0.814266
-3.23215
-6.07365
8.22335
2.27891
5.22657
6.80186
2.48871
-8.62921
-1.53349
9.17995
-9.54144
-5.00606
0.956045
-3.78253
7.95107
7.09358
1.14772
-3.26239
-0.119632
5.22673
3.20026
-3.9948
-3.32156
-3.96286
-8.08973
-9.66407
-1.28708
-5.20551
6.18828
-5.34494
5.8457
2.30961
1.96909
-0.714379
-6.13888
-4.70701
2.1308
4.86268
3.2627
9.60508
-2.18586
-4.23482
-5.69698
9.56166
0.550652
2.06793
2.04593
-9.47517
9.95359
9.79514
-9.70142
1.7628
8.5902
-0.934412
-1.50997
7.64277
9.29301
2.23523
2.67497
-1.41017
4.89622
-0.147429
-5.97397
0.168005
-5.41862
-5.55229
5.23322
5.70205
2.1244
-8.01024
8.50084
-8.04755
-9.14135
2.19569
6.23146
-9.30982
8.672
3.49463
-3.51504
-5.88949
-1.53159
-9.10357
5.93529
-3.29098
8.93863
7.64423
0.913488
8.66265
-5.04676
-0.475044
6.38549
9.3706
3.2314
7.05623
-0.912321
8.38418
-1.97096
-8.73567
-3.18097
3.57337
3.3722
7.02926
-5.0877
-7.5651
6.83875
0.424772
-6.41098
6.64961
8.13135
-2.63825
8.2165
-2.63483
-9.18531
-2.79556
-3.03538
9.54584
3.80304
1.73198
7.10362
-1.26194
-9.26745
4.5405
-1.14791
-1.29251
9.55461
4.21029
2.4981
9.87708
-5.08082
-5.40006
-4.73669
7.92157
-5.37702
3.58761
-4.59484
-8.85656
-4.91995
6.38542
5.26802
1.5777
-5.00199
-2.0572
-3.12828
5.66628
-9.15873
0.482071
-5.79836
-1.35966
-9.07595
4.23457
8.23452
-4.40624
-0.145106
2.14706
3.06032
-9.91836
-6.63289
-9.30791
-5.0357
6.70278
1.19518
-0.255549
-1.69996
-8.39327
7.53673
3.39146
-8.73769
-1.4009
-6.22262
1.95379
-3.33295
8.21003
-5.38198
2.64387
-5.46185
2.75965
8.65956
-5.76855
8.22168
7.4334
-0.939508
9.68412
8.99574
-8.68696
-5.65828
-7.32031
-2.62196
4.15385
8.08702
-0.363159
-4.22333
-4.27597
-2.44431
-8.22091
6.56708
-8.68942
2.52753
2.85081
3.45798
6.44198
8.54277
1.36589
0.0407718
8.18819
3.64842
-6.56994
7.17392
-7.90688
9.44541
7.78638
6.37017
0.704931
-0.659907
-8.84619
-2.77079
-0.0591256
-2.80719
-5.6635
7.3505
-3.38814
4.84154
0.965632
8.79351
-1.89206
8.13941
-3.10465
-1.68867
-7.40918
-1.87789
2.82525
-6.88513
-5.55153
-9.28092
-7.91274
-9.75981
9.94616
8.10721
3.95495
-2.33748
-3.02173
-5.49335
-2.64218
-2.33683
0.917265
5.12584
-4.62429
7.70665
6.41517
9.33263
5.02496
-2.11401
-1.40425
7.27461
-4.88352
5.06611
-7.34824
-3.52467
-4.33292
-3.01546
0.0135439
-6.16604
-8.4067
1.102
3.87662
5.45916
0.135901
-4.1563
-5.82522
7.43889
2.3933
0.508257
9.58029
4.61619
4.03258
-4.42149
-5.36333
-9.60208
-3.93831
-9.95233
6.82621
-8.67759
-6.33866
-4.16787
9.7015
-2.62967
7.47853
2.10454
2.93686
8.69871
8.27573
1.72983
2.36384
-3.44691
-8.97508
-3.227
7.13955
-0.429223
9.85825
5.67866
-3.13567
-5.40438
-0.0232585
-1.82769
-1.26403
-4.38921
8.72507
8.73758
-0.967019
-3.34869
-4.57257
-9.22152
-9.99589
9.83779
-9.07672
-7.05717
-6.43737
2.29189
-6.47058
9.78402
8.31074
-5.96736
1.68868
-9.24133
2.93449
0.451494
-4.0429
5.84526
3.80707
-0.87297
8.1583
0.733615
-0.0747217
2.13406
-4.76726
9.04941
6.59983
-3.74459
-5.91775
9.47765
-1.54264
-1.69103
3.91968
-0.468737
-9.56545
-1.08788
9.45546
-0.764225
6.01005
-7.76375
4.67568
-7.10811
8.69725
-7.46477
8.7907
7.61866
4.89275
-9.59592
-3.22739
7.41949
-7.06462
6.84247
3.1799
1.46119
-0.612847
4.32777
3.92658
-2.91484
4.11835
-1.62673
3.34162
-9.68505
1.09816
-3.34929
8.14644
9.3841
2.50247
5.94533
3.52844
-3.25938
5.80987
-0.695663
4.79636
0.315239
-6.76515
0.112453
9.46857
0.351808
1.72533
-1.07461
-4.81816
-9.85997
-8.27507
9.21482
7.44205
0.471554
1.17548
5.29524
4.70649
-6.96604
-4.66766
9.24144
6.14241
-1.70172
5.71498
-7.74241
-2.98951
1.34159
6.06404
-7.52148
-1.84942
3.63781
-2.02044
7.38691
7.48972
-9.13084
2.74309
0.79653
3.64877
3.54351
2.76149
6.62181
3.20782
-2.5042
-9.49367
3.43233
-4.57251
-9.3835
-5.53309
3.14364
-9.54807
-2.64243
0.507465
-3.74792
1.28982
-2.74675
8.45075
5.97208
-3.95412
2.95605
-6.65337
-0.265906
-2.36689
-1.21206
-0.317981
3.06607
4.02302
5.76564
-3.98289
-3.70994
6.28837
-6.7379
3.77416
-3.84046
-4.62571
-7.73827
-5.94551
-5.95325
5.62423
-1.53579
-7.37757
0.128034
-4.67499
-5.2357
8.0928
-6.16063
6.4725
7.91722
-0.277981
-1.6263
-0.0423922
-8.91064
7.17697
8.92153
3.60832
-3.34813
-1.30208
-2.46764
-8.01445
-2.27699
9.95038
2.77566
-5.68108
4.88906
-7.34066
9.74802
4.09698
-9.919
-0.769174
9.4119
-2.97959
-6.83539
-8.30126
8.82637
7.52494
-9.61118
5.50764
2.67199
4.93299
-4.03523
1.18733
-2.22961
-6.63556
8.81543
0.537463
6.30882
-7.49913
2.60133
-5.52391
9.51751
-5.35535
6.71611
3.48547
4.99133
-4.45634
3.83987
0.193495
0.139166
8.2779
-7.81222
-1.04645
7.88796
-9.94792
0.705327
-3.46228
4.32999
-2.25428
-2.38744
-1.24369
-8.88878
-0.908545
-2.07614
-7.20629
6.70545
9.74483
6.46328
7.45054
3.0595
2.45222
-1.37976
-8.2379
-0.757206
1.00492
-7.63298
-4.60701
-2.42864
9.48761
-0.824611
5.86915
5.14207
5.10293
7.27064
2.49618
3.81123
2.00426
-6.44168
4.43401
-7.55014
-6.66309
7.52484
-9.12879
8.93474
1.12242
-5.01744
-0.0986415
-3.01987
-1.41409
-3.1992
-4.80881
-0.16469
-0.301776
9.39666
-3.19514
3.38302
-3.42943
-7.02357
5.87863
3.65291
-9.79897
-9.89598
8.80857
-4.34654
-4.95768
-7.52341
2.11412
3.22968
6.86503
5.7171
-3.61924
3.9383
8.16749
-9.97552
9.18388
3.326
-9.51529
4.6865
-9.51366
3.19186
-9.26423
-5.64099
7.82765
6.16446
-5.60023
-1.19472
6.14148
1.04616
-5.18912
1.19563
-7.98163
0.748207
1.01581
-4.62565
-6.24438
7.20364
-9.94549
3.55569
-4.00064
-0.595974
9.63281
3.12459
5.89349
4.72647
-1.8071
-3.43785
-8.57569
7.12921
8.40444
0.52681
-7.57849
4.78804
-8.04135
8.89711
-8.90988
4.57556
-4.07336
6.78061
-2.03987
0.768574
-0.671271
6.33917
7.02177
3.88235
-8.7449
-4.44151
2.14565
5.01822
-5.00706
4.14639
-2.43671
-1.92558
5.07673
-0.508398
-4.58795
-7.82261
-7.27482
-5.47669
0.648229
9.36998
-0.688772
9.41882
0.835507
6.63552
-5.30657
3.00802
8.5677
9.49717
-2.40557
-3.41921
-3.95889
-1.47413
6.73237
-6.66194
-6.67661
-4.00323
4.89603
-1.77398
-1.74639
-7.40466
-7.78395
4.2014
1.04772
2.49283
-9.0499
7.50594
-9.71926
7.35464
-8.59378
3.25175
-1.00733
-1.95844
9.22743
-2.92873
5.5499
8.10569
-1.98484
3.86461
-0.766592
-9.07707
0.854588
2.44198
-3.72399
-3.2406
0.210193
8.33364
-0.497643
-4.38172
-8.81446
-3.99141
0.420251
-6.20144
-0.599603
-2.44579
-6.53607
8.22104
5.65709
-4.56784
0.306499
-6.69335
-3.11583
1.71377
-9.74045
5.15675
-8.88944
-8.75376
8.59442
-9.32482
5.79971
-0.893469
6.29733
-7.15762
8.93766
7.62345
5.765
-5.5816
3.80873
0.912146
-8.96994
-8.20622
7.20937
7.55508
7.35641
-1.53459
-9.44311
8.62625
2.85987
-2.30583
0.372421
-0.898129
-1.10469
9.3666
-6.80705
-2.19698
1.3274
4.06537
7.14884
-7.09036
1.80039
-5.9578
-6.90839
6.8677
7.38789
-3.56268
-0.0504463
2.84319
4.49222
-1.98233
7.41371
-7.02026
4.84593
-3.70945
2.41412
-8.62254
9.52548
1.53151
-9.74985
-1.7253
-7.08447
4.54999
-4.3857
-0.70522
9.76665
-8.53198
-0.165118
9.2859
-7.60871
9.03742
-1.99016
5.27235
-5.52781
-9.24152
-9.32506
9.94439
-3.93876
-1.9561
9.42099
-4.89577
-0.42063
3.71099
-7.56575
4.27833
-2.23863
3.06223
-4.91747
2.58722
-4.39601
5.67036
-8.97902
-1.21916
-6.13363
-2.2763
-7.72964
-5.48975
-8.75391
8.47595
-8.43351
6.38765
6.03075
7.11183
9.04227
-9.278
1.1369
9.37687
-2.15262
4.10392
4.63882
-8.11974
-7.68991
-3.08841
2.11733
0.380101
8.19022
4.5419
-1.30815
4.98038
-9.23825
2.52246
4.02028
-2.5513
4.01198
7.97912
-0.245043
-4.69157
7.07686
-0.870438
8.13602
4.53371
-6.11266
6.019
5.10595
-7.7892
3.43085
5.64533
-0.62793
-3.88545
-6.60261
-9.46599
-1.62704
7.53982
-5.54199
5.87977
-3.42402
3.73929
9.00266
2.29353
-5.28295
-2.16837
-7.35514
-8.73444
9.57134
6.99759
-7.20368
-7.47321
2.0106
-1.81864
2.55086
-3.03125
1.16452
-2.57461
4.2321
7.64353
9.4819
-8.48013
-7.69558
3.14121
7.71161
5.03184
-5.21546
2.43277
-9.05932
-7.74984
3.49783
4.73097
-7.20791
-8.54434
1.9874
0.282984
0.969149
1.58054
-6.09454
-6.94843
-4.88226
1.19901
0.409531
-9.68581
9.35725
-6.60461
1.37563
0.222085
4.01233
2.95382
8.86566
0.785526
1.58084
-5.86651
-8.20297
-6.3757
-6.37022
6.72668
-4.47714
-4.26075
-8.73439
7.89762
9.21642
-8.31618
-9.46461
9.28499
-4.44829
7.56501
4.34932
8.89805
1.98537
4.56706
-1.64329
0.388133
-0.415444
2.01566
4.04944
-2.66345
-4.76081
3.79621
-2.08207
-4.66568
5.48142
-5.82136
-9.23726
-8.03368
-2.93778
-6.68071
1.60333
5.54472
-9.23254
-5.99531
-8.33204
-7.1826
3.36954
-8.76713
6.65268
-1.7768
-1.40581
-1.78182
-8.92777
-9.04449
4.8355
-3.8602
3.67333
8.57123
-3.81018
1.78103
4.43637
8.64692
-1.87415
5.03483
-6.13919
-6.39603
1.50263
-3.44502
6.53389
2.9301
3.2405
-9.35421
-8.74824
-4.695
1.10415
-2.59567
7.34271
-1.65063
8.95003
-4.68141
-5.2098
-7.32649
0.407663
6.70436
8.03873
-9.51561
9.10978
-4.18111
9.06988
7.15921
-4.12951
-2.93216
3.85414
0.91327
-5.93896
-1.16591
-7.67721
4.04654
-1.91301
-0.925008
-9.41634
6.3761
3.37978
0.493863
-4.44428
3.54129
4.54228
5.88992
-2.8341
-9.84051
8.90912
4.88806
7.69399
-0.370877
1.28531
9.86891
8.03669
-7.8984
0.312314
6.34562
-1.82675
2.21672
3.89282
7.61404
-4.15397
5.12126
9.30914
-1.85144
-9.3725
8.63303
9.8342
9.39785
-2.35061
0.803359
-6.69088
-3.60988
9.15348
-5.74091
6.71062
6.48275
-4.17104
4.32683
4.33086
1.84623
-7.91157
8.87164
3.82985
5.58135
8.76989
-0.0995699
-5.10246
5.01488
7.3205
-4.77304
8.19162
-6.44854
-4.28895
-8.12471
-0.97549
9.88784
7.858
9.47788
-9.8032
7.39252
-4.79066
-6.16767
-6.53455
-9.44546
-3.2844
-0.791852
-0.743541
-5.29257
7.30132
8.19625
-7.94033
1.3979
6.13292
4.18502
-5.03416
-1.98322
-4.28489
-7.69287
-5.67639
-3.5727
-2.27738
7.37205
-4.37908
2.65981
8.38043
3.38399
-1.64441
-3.79622
-2.64751
-0.689274
-7.40598
-7.51052
-7.99617
-5.55568
-2.32649
-8.1522
-8.60232
7.6707
-3.55228
0.16618
9.62099
-4.00333
-8.21891
-5.21981
9.45668
5.5852
8.65518
-0.422154
-1.19271
4.20307
-8.94114
8.1319
2.7063
7.32907
-8.59235
6.76132
-7.37758
5.2113
8.00217
-8.83166
-3.22183
7.96386
-2.77119
-7.32703
5.38449
-2.51351
-1.12113
-8.39068
-6.62878
4.76533
-0.0216819
6.25382
1.01339
9.22498
-7.4445
-7.61424
-4.22836
-7.43466
-0.684331
-0.542598
-7.04717
6.31258
-3.45862
-0.840584
0.0338727
-7.41832
-8.19147
-2.74394
-8.42494
7.79319
4.22576
2.84208
5.78323
-5.12472
-6.39201
5.114
-2.50838
-9.55754
1.83408
7.38592
-1.56732
8.26635
1.97652
-5.98664
-2.66182
-8.20442
8.80515
-2.72339
-1.93649
-1.64331
-4.0573
8.84172
-7.62896
-8.14358
1.09176
-8.55373
-0.698582
-5.75259
-0.0299541
9.79777
-0.39282
7.72003
3.31307
-9.26673
1.22692
-2.39264
8.7655
-1.55616
-9.74033
-7.53139
-7.26204
-5.44896
6.69056
-6.06101
-3.78344
0.132206
-9.13562
9.95555
-4.24585
-0.911546
-3.6391
5.20506
6.93411
-7.24562
8.76369
0.47078
-4.22109
-5.85085
-5.58506
-4.57942
-5.00844
8.11049
-4.49252
-1.21543
-9.50731
8.64759
-0.0121972
6.38113
-8.81121
6.66825
9.2509
-4.30411
-4.17197
-4.18537
1.33068
-0.609991
7.53324
-0.920981
0.373415
6.96543
-5.67828
-1.67421
-1.91733
-9.33704
5.61812
-1.45923
3.31269
9.39203
6.23907
-9.14981
-8.85533
-6.96926
4.19154
-3.05439
-7.99828
2.79549
3.30478
2.92852
-0.649889
-5.37376
0.448358
4.72225
6.31706
-1.2026
6.926
-1.3763
7.45957
-3.56592
9.43979
-0.618839
2.59048
2.54563
-4.53154
-8.95241
0.963287
-5.10268
6.48439
-9.00682
2.50588
1.907
8.44784
-0.347211
-0.242433
-6.78307
8.57696
-5.82026
-8.40191
-9.84333
-0.576017
-3.91166
4.9682
-4.4535
-7.46962
-4.33438
-8.91067
2.82147
-6.06355
-9.54656
1.02598
1.97574
-0.0512363
4.04279
-5.05613
7.08846
-6.0042
3.94354
8.5564
-0.987148
2.11829
4.11659
7.79098
3.06896
-3.55452
-3.8319
2.72783
-9.78267
-8.4843
-7.94697
-1.23934
0.212036
-1.06459
5.82965
-3.59081
-5.29895
-9.12754
-0.481121
1.29625
-0.709574
-5.70138
1.98896
-2.1795
-2.59303
5.59608
5.1036
-0.347437
0.635799
1.79856
9.80102
8.3165
4.39107
-9.16183
-0.464979
9.05766
-7.32085
-7.98481
9.39206
7.52562
-1.22526
0.612265
-2.45174
-1.58905
-8.644
-8.93621
9.45771
0.273624
8.60116
-6.89744
-6.25997
1.90987
0.564984
-0.608706
8.19771
-7.44668
6.52039
3.66821
2.33811
-0.858185
6.62239
-9.42933
-6.6374
2.25871
3.04486
5.03583
1.53852
-8.05234
5.53401
6.3146
0.473118
-5.5161
-9.94241
-7.21357
1.91048
-9.24234
-9.09041
-4.64433
3.68322
0.894411
-0.677353
3.48098
-4.65816
3.11999
2.47424
-4.10915
-2.70751
-1.98986
1.93812
-7.36753
-3.90431
-7.21303
-9.61526
-6.03607
-2.42577
0.196669
8.98876
-9.77989
-1.22918
8.99318
8.93795
3.46037
-5.62943
9.74334
1.09655
-7.44486
9.30724
-7.5455
-5.23783
7.31486
9.81583
-1.38627
-4.86603
1.04551
-5.3502
7.13653
9.2113
-5.91757
-2.41496
-5.71386
-9.9438
0.770435
4.2811
4.98536
-7.56437
-0.800012
0.224046
5.55863
0.624795
4.76358
2.55753
4.58324
7.48184
-3.93409
-5.59654
-6.72459
7.73682
-6.48251
-5.37041
-5.91384
6.77876
-1.50913
-5.65175
5.63817
7.13986
-6.54028
-9.29937
-6.17999
-9.50545
-6.87584
-7.76963
-1.90186
4.50472
3.0145
-6.52425
-5.44371
6.50434
-1.8646
-9.02824
3.78159
4.14398
-9.64763
-8.12493
3.75826
5.08704
2.73223
9.69022
-8.0164
-8.89398
-6.95714
0.433503
3.98239
7.97307
1.02058
-5.06904
9.47195
-8.05936
6.56429
-1.71846
-4.85982
0.994511
-6.73534
-8.13838
2.17485
-1.87651
-4.01244
-5.8005
-4.53075
-7.65762
7.77981
-1.23128
3.28356
7.94343
3.13915
-5.03988
-5.16725
-5.68488
-2.50811
5.47881
7.8827
7.59775
-9.83791
3.0221
8.36021
5.44602
6.62296
1.7376
-6.07174
-9.69285
-0.368375
-3.39002
8.46277
-7.97362
5.01347
-4.88444
-5.27474
3.45339
1.24577
-9.68683
-1.09986
-6.70508
-9.73276
-0.331414
-0.985971
-1.9409
-4.40084
-2.44024
-4.15387
2.94317
1.20611
6.36759
-8.64375
-7.62934
-3.33811
-2.3316
-2.20575
-8.90996
-9.95302
4.22091
7.71875
-8.1287
-3.6766
9.65411
-1.33566
5.50811
5.26478
7.04873
8.98513
-8.25669
6.72452
-7.43841
6.61568
8.63782
2.28058
-4.97139
8.58247
4.61416
-0.910527
7.82223
-5.1584
7.80473
4.91497
2.41674
9.49216
6.36328
-8.61767
-7.02127
-9.9848
0.0588502
6.97258
-6.74061
-9.37886
-4.16774
1.35137
8.09382
-0.92472
0.184218
-9.62582
5.44422
-7.15834
0.472769
-3.61256
6.25732
5.68595
-9.31968
3.92911
-9.89845
-9.03498
9.28295
-2.88873
7.82827
-6.02674
5.89635
-4.85919
8.15036
-0.503648
-3.17559
7.71741
4.39674
-0.963561
-0.997008
-3.6352
8.69446
7.22491
-2.32177
-7.15873
2.92247
1.25093
0.115129
-3.81141
5.00905
8.5362
-0.609911
-1.92141
3.10504
-5.47499
-3.36674
-2.92079
3.01824
-2.21075
3.77065
-0.724674
1.76315
7.44126
-7.25016
-8.85538
4.44913
-2.81541
1.35911
4.31882
-3.15191
0.608687
-5.92911
-2.71895
2.25839
-1.74477
-8.07611
0.399812
0.689142
3.57083
-4.56781
-4.97076
9.46219
-7.55482
5.06624
-0.422236
7.16644
-9.74028
5.24309
3.13817
-5.83925
7.19711
9.30847
5.97058
-9.27072
3.25512
-1.92999
4.1357
-6.6663
-9.44754
5.49037
9.00281
6.52569
4.00289
8.6756
-9.86851
5.89273
-0.525172
0.863453
-1.11515
-9.61838
8.66607
5.35831
-0.372087
1.51315
4.9391
-6.0357
2.8589
4.96588
7.42661
8.1913
-9.7089
5.92615
-9.71405
7.16453
-6.26415
4.19945
-1.17486
8.63816
8.43434
-4.36143
8.4234
3.73638
5.86016
-8.18438
0.121142
1.02712
-7.60753
-4.54255
-1.8358
-0.660672
7.8786
-8.05008
-0.325186
-6.50581
4.01614
0.731333
0.319652
4.02454
6.55164
9.73655
-2.00313
6.25966
0.19104
2.88096
0.127672
-9.82964
-8.66537
-1.8893
0.381963
8.48114
-5.41231
1.57671
-5.82508
-5.79658
-4.43073
3.36367
-4.06418
-8.56959
-1.22676
-0.16936
-2.82024
5.52643
6.86409
-3.52951
5.32587
5.37024
-8.63234
-0.694164
6.83499
-5.23488
6.606
9.80735
2.72959
0.260968
4.10213
2.30619
-6.63394
5.26299
-3.46691
9.59883
-3.77572
6.30602
-5.56129
4.19474
-5.45708
-3.30564
-1.08754
3.28247
5.25675
9.34898
-4.16434
5.39889
-3.40975
7.73212
-3.89536
7.95102
3.85049
-1.73595
-1.20606
5.69601
6.77312
-4.10156
5.16014
-8.86965
3.85293
6.73547
-1.5041
5.13301
-5.60784
-2.95727
3.58112
-1.62647
-6.20539
0.200445
8.14828
5.71877
-6.49585
4.33285
-6.50475
3.49927
5.82657
-9.76593
1.06707
5.93827
2.89115
-2.78829
-6.77348
-3.22414
-4.27781
-6.71646
9.09283
6.17258
6.6334
-5.53693
-2.38866
3.94887
9.07362
8.4129
-9.89925
-2.73096
-7.90217
2.34649
-8.60346
4.73409
-9.41678
9.59855
3.17041
6.79085
1.23673
-1.29693
-6.33109
-6.75562
-7.25581
-7.88043
-3.59372
7.88591
-4.20263
-3.00028
-4.49532
-5.2079
-4.77524
-0.284297
-0.549658
-5.75057
7.37617
-9.52863
7.89001
3.60617
-3.08561
9.44013
0.40447
-8.68476
-0.792582
5.83678
2.45244
-5.77419
8.86021
4.51254
-4.8194
8.59601
8.15891
-1.49491
3.65605
5.68016
-1.78364
1.98241
6.22275
1.00228
2.61388
-3.24342
-2.14829
2.03625
-9.15158
1.64099
-2.90444
-1.99406
4.75053
-8.92733
1.93687
-4.50513
-6.6203
5.37447
-0.390031
-1.32647
4.18752
6.60636
2.36763
-1.06303
4.2357
2.02986
0.95729
-2.11998
-5.95415
-8.27405
-6.12068
-6.32933
7.63741
1.86876
9.7488
4.42399
-9.81536
3.63115
-3.4902
-4.89847
4.51398
-3.18668
-8.09132
-4.69993
9.70021
-6.76787
9.38325
-5.85319
9.94945
-2.05741
0.0440594
2.04486
5.73493
5.79844
-9.79978
5.43649
-1.95193
0.0760576
-6.78355
4.85767
2.22459
1.32628
-9.50668
4.69197
1.99706
4.78564
-2.03504
-1.89268
4.41955
-0.861283
8.44589
7.14584
-0.37471
-2.1943
-4.01785
6.87193
-1.15245
4.92514
3.43451
6.46375
-7.09907
4.565
-0.980591
-1.6819
-0.157333
5.24254
9.44432
-0.647869
3.58049
-1.55683
7.39934
4.01172
8.8471
-5.55745
8.11958
4.88303
-3.3836
-9.64162
4.93855
9.66231
7.39952
-7.94532
-3.55004
9.54028
7.94969
5.42149
0.134974
-2.6619
5.0557
-5.15252
8.95659
9.0885
-6.0412
-7.35372
1.1496
1.84937
9.44413
7.10602
9.72986
-3.41061
-3.89462
-2.91616
-9.58671
7.78251
-2.75851
5.105
-4.21538
2.23723
6.21199
-9.7465
3.61522
6.57746
2.05977
-2.67615
9.93641
5.15837
5.32663
4.37127
-2.6199
-5.92354
-1.93117
0.640983
8.7657
9.91679
-7.72671
8.63083
-9.88268
-1.86783
6.63541
4.56115
9.22557
-8.80901
-3.24284
1.67096
1.32575
3.14814
7.34134
0.471127
6.06126
-1.06546
6.28801
-6.63263
-3.93624
3.83513
-5.54889
-9.01459
-8.55145
3.30584
6.20444
-8.78464
3.34495
-5.99823
5.23052
5.63487
-1.87892
3.74977
-2.27357
-8.17572
-0.104319
-2.14202
-2.52433
-6.53213
7.74504
9.83702
0.233026
6.42306
-5.98868
1.09527
-9.80689
0.574867
-2.58708
2.81427
0.856686
0.780403
8.17396
-3.08247
3.57946
-8.88657
-1.13371
6.29105
7.00516
4.57193
3.64511
8.23174
2.28028
-5.8973
-2.57905
-7.91298
5.56646
2.98054
-4.57737
1.36759
-0.634275
-4.92782
0.555927
2.98567
-3.67813
4.19516
-8.24802
8.98061
-2.45823
1.59134
-0.258872
7.9885
6.48668
0.476921
-1.19241
-9.79675
8.82343
-5.22696
-6.68313
-2.36389
8.31756
7.59079
-1.78893
-5.35617
4.22817
-4.96499
-6.89843
-2.93963
-7.62963
-2.34553
-7.27144
3.49301
1.00469
-0.27993
2.89228
2.65458
-4.73863
-6.16458
3.79047
-4.21702
-3.50558
-7.38276
-6.86386
-5.40391
2.67971
-8.16939
-6.59743
-9.24541
4.93007
0.992254
2.78877
1.92847
5.91826
-7.30728
-7.43183
8.32265
6.30758
4.42744
-3.26064
-0.491857
3.33453
-5.67988
8.51696
8.78999
-5.07525
1.58718
-4.82999
-3.15711
6.92313
-5.19273
-6.16328
0.246007
-0.737818
-4.03312
9.83066
-2.30264
-1.42474
9.85565
-7.96984
-2.50465
-5.41128
9.7494
-8.55127
6.31332
0.620931
-1.42549
6.06959
-0.102073
5.00609
-3.91539
-7.64374
-8.80981
0.893495
7.25469
9.19823
7.16126
-7.39588
-5.57598
-1.09456
-9.40619
3.82601
-0.922726
-9.47253
-8.08854
-2.01988
0.983837
9.3567
-4.69067
5.9834
-0.776613
1.90539
-4.22068
8.58295
6.97616
4.66184
-6.37352
-3.04626
9.47961
7.08254
-8.22681
9.1745
-9.0604
1.92812
-8.85655
4.66686
-5.81196
9.37664
-0.129762
-7.84196
-1.68314
-6.66294
3.69789
-2.02242
-9.73146
9.83897
-4.95682
-5.39471
1.36818
-3.09443
5.58164
8.74576
8.04474
4.35055
7.34942
3.52071
5.57622
-0.285091
-2.83205
0.664764
6.73431
5.12754
2.245
-8.78606
-5.11102
-0.903744
-3.82185
-7.26568
8.71788
9.7904
5.9455
8.60797
7.46417
2.75029
-4.9631
1.54361
0.0798012
-0.547161
5.44167
-4.10702
6.01943
-5.10898
3.1131
-1.57535
-8.58187
6.21179
5.68741
7.14254
-7.54036
-7.75725
7.11613
5.05567
2.5497
9.97081
7.51287
8.34115
-4.85643
1.08211
-4.48529
-5.7612
7.4905
4.70481
-1.0242
-3.27115
8.96878
4.50548
3.56831
1.34581
-8.02989
-4.92496
-9.85069
3.45097
-6.60499
-2.28461
4.40881
6.32019
-5.25689
5.7289
6.75422
1.20792
-8.40729
8.35775
-1.4174
-3.8566
6.08913
7.66981
-8.42028
3.93187
5.09472
8.80506
-0.438883
3.31774
2.14726
8.75859
4.29578
-3.52545
2.6456
7.76899
-4.04958
-2.81239
2.10915
-1.29204
0.0461412
8.87206
-0.615549
-0.260924
-7.52204
1.81572
6.79956
2.85815
5.12097
-8.04027
-6.93646
-7.51747
-8.69244
6.6501
-8.19864
3.5719
-5.9569
-1.0577
7.69631
5.20336
-7.1689
4.3625
6.03654
-6.73666
6.56219
-9.01859
-8.15501
-7.05264
-9.19189
-5.9919
7.59319
8.87564
5.33636
3.94456
8.69914
6.45293
-9.42778
7.05125
-7.40744
4.04835
5.49058
-1.83311
-1.83676
0.885665
-9.00409
8.82108
0.0192822
2.26614
5.77686
3.40881
7.36233
1.75813
1.00278
-1.39414
5.69147
1.9561
-2.2791
7.14985
-4.70826
1.82467
9.6392
-2.13592
-8.07339
-7.19791
3.92537
-4.05896
-0.222292
-1.14607
-4.93522
-2.07499
-4.03715
-8.53007
-0.390032
6.74507
-9.51731
-9.07941
2.29391
-3.92909
-0.175647
-5.51186
2.50362
-1.97438
0.380067
3.22062
2.11808
2.03769
7.07319
-3.79502
-4.63564
8.80423
9.9397
8.40299
4.36147
5.74023
-2.23083
-9.45718
-7.31252
-2.01487
-6.79295
1.02387
-2.53001
1.4232
1.96294
6.69718
-1.42708
5.95554
3.02501
-4.03236
3.4065
3.45772
4.17656
0.978175
6.25773
-4.19925
-6.16106
0.542405
-8.07739
4.64873
6.57975
-0.331927
1.4798
-7.56928
-5.158
0.445946
-8.49975
-0.812561
-3.05124
1.06937
-8.37577
4.49646
-6.34101
0.911252
5.60365
-0.722198
8.99881
-1.15633
-9.48642
6.18212
-8.66643
-3.92084
-7.64478
-3.01449
7.31005
3.29226
4.73891
-6.21001
3.07498
2.00889
-6.65367
1.00246
-3.17934
-7.5947
-8.41193
-4.50664
6.03694
1.72543
3.01671
-8.21078
7.73985
0.307083
-9.08664
1.71377
-4.65747
-5.68375
-6.11608
7.95257
0.73729
7.15073
-6.30944
-1.71364
2.63569
-5.67219
-5.12318
1.7347
-5.60559
-8.43351
-1.44345
4.90903
-2.36911
-7.42419
0.124715
2.13517
-2.84295
4.44354
4.27297
7.32821
-7.55057
4.97143
3.77668
0.456281
9.40761
1.1259
-9.15163
3.29604
0.971755
2.07884
-7.22718
4.9571
7.77901
8.02906
-5.03836
-0.459321
-8.99806
8.8579
3.96236
-1.17931
-6.53846
-0.765577
6.36456
-0.176249
5.73177
-8.59106
4.56063
-1.21596
-0.992546
-1.20523
1.10136
-7.38432
2.80818
5.525
5.66019
-9.45083
4.01752
5.28438
4.66871
1.00188
4.24936
-9.52998
7.35841
-8.51099
9.09702
-3.44649
3.64919
-2.86022
8.52107
-9.36004
1.03709
1.18065
-0.401883
-5.30238
-2.1131
8.91859
7.27644
-2.37316
-0.573221
5.9435
-4.08077
-6.07258
6.93382
-2.56913
-6.42163
5.6943
8.31157
4.82913
-4.48922
-2.67326
-5.71937
0.446918
5.86577
4.78618
-4.92244
1.40436
3.24097
-7.58907
-9.20395
-0.709916
2.49055
-3.07164
8.78088
-1.81163
1.4038
-0.0507159
4.83371
-5.65697
5.34439
-5.75316
4.00879
-1.25043
8.40557
-4.30923
0.625917
7.87218
7.91005
-0.186169
-3.4698
6.237
-3.95484
-9.56687
8.86862
-8.06057
-6.98605
6.14658
-7.42065
6.51602
-0.692974
0.301195
3.81224
3.87738
8.62275
-9.57792
5.58923
-0.902766
-0.285094
6.15108
-0.291912
2.13628
6.21839
0.334046
4.28895
9.69239
-6.45181
8.69256
6.12015
-8.73205
-4.39789
-9.99323
4.30191
4.50025
9.60165
-5.77707
-3.60254
6.39397
-7.58024
1.49396
1.7291
8.22031
-2.32672
-5.20869
6.51214
-5.2875
-9.73325
-5.87141
-8.32501
5.31138
8.59386
-3.837
-7.49655
4.42998
-2.07733
1.35352
-2.72946
-2.84311
9.36561
-2.87037
-6.07153
9.96124
4.08192
2.65041
-4.52909
-3.43178
2.85658
-5.48872
-1.99503
6.32326
6.88802
-3.20172
4.75302
5.45172
-9.4991
-0.37732
-5.45767
-4.64478
-6.35425
-8.06912
-3.18932
1.4849
8.58414
4.02642
-4.70842
1.72914
-2.72323
7.72558
9.44277
-4.70844
3.94705
5.07178
3.0055
-2.32724
-9.59945
-4.45529
-8.94752
-9.12462
-6.68049
-4.98141
-4.71471
1.90807
5.36411
3.46359
-1.4765
8.96572
-7.9992
-8.52854
-3.79988
-9.48381
9.11015
4.8576
-0.288589
-4.55076
2.23096
1.40026
4.70122
-4.7289
-4.53502
-8.41576
-0.613572
-4.79466
-0.648014
6.19866
-6.98776
8.44191
4.24363
5.78407
-6.8138
5.43277
4.7366
-8.96668
0.462852
2.14536
-3.48874
7.93799
-2.01499
-8.05029
8.46604
-1.83792
8.64262
5.03709
8.4062
-6.94368
9.05842
-3.03131
1.86747
0.950252
-7.71261
-0.537319
-7.87854
-8.26127
-5.47996
7.49264
0.275291
-7.01011
-3.02942
8.14593
-8.04215
8.3321
-4.2702
9.74756
-0.240274
5.02784
-0.543042
-8.92561
-4.19655
-5.47323
-1.27938
6.96215
-1.93024
1.33388
-0.513526
-9.55119
7.96031
-6.53007
-3.83669
5.32398
-0.333321
6.69134
-7.20879
4.39546
7.9309
-3.16181
-8.01324
-3.9135
-2.52196
-4.63181
4.30829
-1.40279
-8.40692
-4.70041
-8.50634
0.570733
-0.11884
-5.77267
-2.16303
-0.918867
-3.86606
-8.59139
8.65915
-0.800251
-9.57117
-6.4392
3.79824
9.10782
8.17899
3.21615
9.27279
-4.27597
9.95896
1.28325
0.290492
-1.56086
5.74488
-3.26054
-6.31822
-6.56012
-4.0161
-1.20426
4.2947
4.21867
8.96009
5.92559
6.11597
1.47289
2.63388
0.131936
-0.331871
-0.719349
-8.06062
9.85497
-1.07704
6.09279
-4.06701
-0.0756533
6.47535
5.91066
-1.23563
-1.32983
-0.48582
-5.45415
-6.18487
0.279099
2.24079
0.913051
-9.78616
-7.92202
5.42047
7.03503
-1.9588
-8.17642
-0.133009
-8.70264
4.70394
-2.73837
8.57842
-3.75184
6.05753
9.99197
9.24803
-1.0223
6.83962
6.65258
3.81635
-6.77138
-5.16022
-5.96048
0.0177233
-2.41348
0.0454037
0.250424
8.48142
-6.59751
-4.10472
3.32722
1.40724
-5.1642
-4.06537
-7.9581
-9.75293
7.22101
-9.14944
-6.90579
1.84712
9.81607
2.39293
5.55903
8.36262
6.14631
-9.57005
0.236247
5.73368
-3.79457
-5.20693
-0.270977
-0.0454073
-3.3968
-3.86501
-1.46602
7.68999
9.56799
-9.67532
-7.09251
7.46179
-7.96083
3.5631
-7.67397
-4.31311
9.75301
-5.88626
-9.65081
5.88404
6.37937
9.05818
7.79727
-6.45063
7.86313
7.62327
8.35935
9.24709
0.93285
7.26442
-8.14644
0.659183
-8.65783
4.76776
6.98148
-5.46643
1.20086
-3.84128
-0.0197332
2.07437
-9.56009
9.24081
-7.68393
-1.69683
0.0575592
-1.73413
6.5321
5.82175
4.64324
7.74614
9.42796
-3.67797
-0.582078
2.01476
3.57831
-4.2215
8.62036
8.13926
-2.71199
9.74484
-6.2226
5.57244
7.72729
8.34411
3.80643
-1.07204
-1.69141
-7.25992
5.90211
6.99715
8.28122
9.01412
-6.03369
7.14652
6.77018
5.92203
7.46808
9.18017
4.6213
1.00242
0.901937
5.30971
2.79988
7.55043
-4.40739
-4.19994
-4.09921
2.21856
-0.0709373
4.9692
-8.44909
0.181663
9.97009
5.39217
1.9231
-0.807611
3.82992
-5.66356
-9.15454
-5.6973
4.71958
4.63989
-9.49157
6.94768
-1.30444
-9.4977
4.78138
-7.54803
-5.92954
-0.876949
3.70304
-7.63767
-4.59637
2.97534
5.66675
-2.57134
-8.34245
0.0130062
-7.13888
-4.7877
6.43423
4.57685
2.13437
6.415
-0.533861
8.58255
-9.07022
5.88195
9.30877
-1.82761
-2.59826
9.18337
-5.63784
6.90291
9.19389
-8.36664
-4.85641
-6.71428
-1.61981
3.03288
7.66231
-7.27105
5.28775
4.36266
3.64215
5.33265
3.70014
9.69794
-3.6568
9.32752
9.45683
-8.0688
-5.6932
2.02857
-3.29201
-9.80657
3.2585
-3.1171
-3.14674
-7.55515
-2.26714
6.46493
-1.89712
2.40947
-1.87281
-8.88283
-4.92522
-3.73526
-9.4448
4.41634
-7.87943
-6.7592
1.07589
-3.10779
-1.79263
-5.93215
2.94903
-5.36869
-9.96579
2.13379
-3.83741
9.81392
1.30791
-9.06384
-1.45592
5.17603
-4.76923
-3.84323
3.5787
7.23833
-7.43635
-3.76183
3.19326
-3.65774
5.23447
-1.95332
-3.87924
1.58285
4.29125
-3.02337
1.24361
1.1963
7.78761
8.15828
-1.95703
3.47516
8.48898
8.31171
5.78999
-1.46202
0.461626
-1.16086
-7.45423
0.0259514
7.83123
9.1288
2.84832
9.8546
6.26031
-4.52314
7.92575
-5.60936
-1.20452
-7.19458
8.46777
1.79642
-8.71024
-7.68766
-8.19376
-3.21081
-9.96248
-6.25833
2.50799
-1.23356
-5.19173
3.08553
-2.11217
4.28195
6.18166
8.75421
-6.86038
6.40892
-3.1674
-3.32202
0.302302
-3.14655
-5.13188
-0.906644
2.08332
-3.90267
-6.03484
-3.86108
-3.07678
-9.26514
3.20106
-6.3714
2.18467
2.9637
-9.77978
5.82947
4.88081
6.39993
-1.33404
-3.34243
6.12923
5.57815
-3.63473
-4.10796
9.04836
8.29783
-0.863686
-5.17116
-2.06591
4.07821
8.65706
-4.15022
-2.58809
-3.85938
6.76504
-3.17078
-2.69074
-4.63546
5.84022
9.86353
6.00439
-6.55849
-8.64307
6.77097
-8.9355
-1.07935
1.88933
5.02144
0.480181
8.00448
0.244322
7.62496
-4.55621
-5.11921
1.21411
1.00889
1.42533
-8.80574
3.73877
-5.41933
8.60204
-2.83847
2.91
4.60439
-3.85672
-1.93003
-2.0926
9.87415
-6.60439
-1.21089
-8.87463
5.66929
-9.07441
8.84436
-0.27653
-9.5897
-2.75996
-6.00428
9.72942
2.64725
4.71147
-6.36543
3.56617
7.41591
7.99566
2.2247
-8.79678
-4.93826
7.55972
7.09944
2.59588
-6.60506
2.67364
-7.12432
-7.96019
8.09768
5.50093
7.31183
-6.29348
-4.182
9.21217
-3.56269
-0.072848
0.0760302
7.10761
4.09388
0.557606
9.26286
-9.34566
7.59655
1.60161
7.47744
-3.48587
-3.95334
5.61433
-1.86704
-4.23354
-1.02006
-5.50278
4.14431
2.63826
-7.36535
-0.825147
-9.38367
0.467645
-9.62639
-9.8201
-8.61226
-4.99974
-2.0605
-8.96034
1.20722
-9.60178
-2.41472
-6.95639
-6.05131
-7.19475
-3.92364
8.77866
3.898
6.53694
-2.44716
3.859
-6.88941
5.84901
4.76987
5.47754
-8.94108
-7.01629
-8.12947
-5.49669
2.73266
-6.673
-6.78393
-0.604376
-5.94112
8.85671
9.59516
7.56336
6.57168
9.77066
-6.88992
8.14322
-9.16017
-5.29018
2.01118
-7.50777
5.98185
6.10501
7.59852
0.787316
2.9433
-2.04179
6.97491
-1.38714
-4.06951
8.21565
1.9196
-7.2798
9.89721
1.50714
-1.47556
4.50077
-5.76011
5.43311
1.62233
-9.82359
2.40648
5.11077
8.63338
-6.85928
-5.93683
6.98685
9.51082
-6.04093
-2.54889
-0.0547737
-7.6971
2.74101
-7.17521
5.75092
0.837899
-4.76227
8.18047
-6.53824
4.62779
-5.79802
-7.79607
5.49753
7.77673
0.205255
-0.597201
3.79316
9.03907
-2.02636
3.21167
0.394684
-1.17241
4.93234
5.50398
-9.1815
-0.383488
-4.5991
8.01047
3.62823
-3.42879
6.93396
1.7899
4.44844
-2.81858
-7.35728
5.8473
5.79843
-1.94125
5.76273
2.53174
9.77503
8.82105
-1.13482
4.31909
3.13559
6.13251
-8.62983
9.40388
-6.5625
3.5625
4.64648
9.16224
-9.40122
7.10033
6.02728
-7.46097
5.88703
-6.89447
-8.60472
-4.14482
5.56639
0.440609
-6.7279
-6.91446
-9.80916
-4.16015
8.07216
-5.45398
-5.90354
-0.406374
-4.34783
-9.06302
9.59798
4.81415
7.61692
6.16458
-6.37024
-0.601002
-8.04393
4.21406
-6.70407
-4.10976
2.2232
-7.94887
3.52753
5.36775
-5.82129
-1.88563
-7.38038
1.00738
-6.03517
2.03157
7.98082
2.73156
-5.35912
-0.0946397
-1.56897
-6.70204
5.26666
6.59143
4.59765
9.09058
4.4844
4.12135
-5.53008
5.73747
-7.67399
-2.35095
-3.63124
3.48518
-3.80999
7.43521
-8.81692
-6.92233
-6.17082
-0.599546
4.73236
-3.15429
-5.18426
-3.78908
-0.128394
8.00381
7.17043
5.80652
-2.89736
4.02866
-4.6704
1.4029
7.95269
-3.22749
-5.13038
-5.48451
-6.50342
-3.97402
-3.28913
-4.74634
2.71445
7.02897
4.9975
-1.63846
3.78785
-7.56133
-2.57967
-7.84903
3.14945
1.0681
1.15631
5.05283
9.63638
-1.06558
-8.60968
-7.95862
-2.71562
1.49581
-0.0737107
3.26018
3.2865
2.16314
-1.13851
8.95668
5.88065
3.06303
6.67727
-0.9601
9.19625
5.48293
2.19382
-0.504673
2.46254
4.38647
4.25766
-9.62768
3.85482
2.85308
-6.79485
6.51085
-5.66349
6.33645
3.31134
9.56997
-5.83513
5.37966
-4.35854
1.79452
9.59752
-9.93628
7.83649
3.4071
-4.58936
-4.747
4.05874
8.19963
1.07507
6.95339
5.08846
-0.955077
6.10264
5.19536
-1.30284
6.43992
9.75371
5.23549
-4.95794
0.174462
8.88412
8.04099
-5.14598
4.70494
7.40991
3.54852
-8.6328
-7.72816
-5.79608
-9.30032
4.8127
-9.72998
1.03908
0.442926
-6.76532
8.45814
6.60497
-0.491216
-9.43932
-8.5609
-9.89631
0.628829
5.2576
-1.82107
-7.75265
-0.14229
6.33041
-4.55661
1.71536
3.71286
-8.51315
9.76597
0.679004
-8.02745
-8.57736
-6.6707
8.57084
-0.764037
8.61757
4.91649
3.88712
6.87769
-4.17741
-3.59597
-0.206082
3.01518
-6.57316
8.22289
1.30744
-8.19497
3.79513
-9.53241
5.79227
-5.89122
-0.049202
-1.8915
0.738457
2.70025
3.94583
3.84487
-5.17978
9.16576
-6.97692
6.87255
2.0019
-7.02033
-1.83923
3.14192
1.14552
1.48681
6.53451
-2.97954
2.71048
2.32
6.38837
-3.3147
-7.44973
-4.18443
7.13723
-1.34721
-6.35166
7.01727
9.40277
-0.236017
-1.64686
6.69517
7.10499
8.40916
-4.9606
-5.66998
-2.5114
-1.92186
-1.77808
-1.83341
3.67423
4.31104
4.37289
7.22592
-0.586793
-3.79067
-3.24722
5.65165
6.42919
2.81988
1.4754
-6.92022
-6.89724
-3.5381
-0.875666
-2.94487
9.15742
-5.47516
7.16291
0.124718
7.11478
0.085514
-0.908182
-0.563549
8.09033
3.0968
-1.92393
-1.16261
-9.69982
-2.3263
-7.83133
0.0432826
4.55678
-1.50657
2.19626
1.94198
-4.02609
-1.55617
-5.95019
6.06542
-3.18415
-0.127876
-2.94021
-3.65358
-3.53615
-0.861312
-2.83695
-3.84102
3.19849
6.26591
5.83193
3.07853
-5.91651
-7.54972
-3.30813
-1.39283
6.67562
-6.20039
-4.82804
7.16828
5.3748
2.15147
1.49511
5.92539
9.58395
-2.9285
3.21523
8.42672
6.89328
7.53136
-4.94399
3.78487
-3.52126
9.29811
6.01733
-3.79945
2.85814
3.26523
6.925
-6.67976
2.94628
-9.08225
6.45052
6.43573
7.6662
-7.48959
-3.92224
0.203257
-1.30313
9.57074
0.811512
-2.23805
9.56903
-9.19589
-5.80776
-8.6943
-5.62742
5.72211
5.29479
4.81395
-4.2615
6.24995
9.05494
0.341559
-6.75768
7.66528
7.00481
-8.36534
-6.50331
-2.48548
6.13936
-2.43057
-8.68012
7.24258
2.32504
-4.24124
-2.3379
-4.68412
9.85594
5.45285
2.42904
-6.65847
-0.768507
4.45444
9.76451
5.37098
-4.94451
2.11749
8.35312
4.0731
9.53268
-1.39524
-8.69296
-8.82112
-5.92554
7.51059
8.44451
0.511103
2.03763
-3.16063
-9.69557
3.55217
4.9431
-6.64043
7.93311
4.96925
8.2981
-7.21939
-1.99764
0.468926
-7.66603
-2.65718
-0.339157
5.0154
8.8406
1.64765
-9.01623
5.6027
4.41091
-5.67256
0.0827018
0.769837
-0.301568
-1.03449
-7.20667
6.79834
5.94493
3.09486
-2.88695
7.50731
6.57344
3.75529
8.76252
-3.20363
-9.1038
5.66689
-5.24077
-1.81985
-2.89827
-8.66437
7.89332
7.66907
6.11786
8.16085
-2.52729
1.20234
0.467115
-3.25594
6.45926
7.71638
-8.08048
-2.95583
5.76141
-2.31767
-1.99938
8.79138
9.40843
-5.02015
4.93557
2.72503
-6.15492
9.26468
-1.57614
-3.10944
7.70393
-4.93167
-5.92493
-6.39283
9.99875
-7.16138
-2.96137
-1.94409
-7.58721
-7.35119
-8.71258
8.05319
0.717863
1.59401
-0.565282
-0.153036
9.65538
-4.2586
-4.54027
9.14235
-9.04836
-6.74696
7.1822
6.53564
4.45298
9.86721
9.96896
-2.32495
-5.61029
5.77846
-4.50564
-9.59607
6.06206
5.13348
2.24401
2.56769
0.150297
-1.54291
0.99161
7.83336
-7.44054
-6.5001
7.14987
4.59804
5.20652
-8.02047
1.46641
0.726513
-1.75627
-4.24411
-4.91209
-0.597485
-4.49945
-5.01473
8.94393
7.80451
-6.15682
8.14812
-9.58641
8.69333
2.93384
-3.48553
-7.64774
-2.54645
-3.42745
-2.86681
-3.89511
4.85479
0.284737
-6.09424
-3.23895
4.04735
-5.24446
-2.60972
-3.42855
3.39449
1.59324
-6.09819
-7.58341
3.05121
0.0314584
3.01382
-7.92291
0.166406
-8.33427
-8.9278
8.696
-3.28244
9.08987
4.71639
5.45466
5.84958
-4.90896
-7.86429
5.6228
1.81134
6.42817
-3.09282
-5.37513
-1.14285
-7.47771
-2.63806
8.73062
-6.44203
9.80238
-2.32839
2.88723
-0.332806
-0.0326653
-9.04542
1.83121
5.88515
-9.15728
-8.03733
3.0338
4.50803
5.44386
-8.83346
-3.36227
-2.9661
-5.26914
3.72481
1.04286
4.39719
6.59354
7.86978
-1.78653
1.743
-5.11315
6.20651
0.442315
-3.27548
-7.28715
-9.59994
0.860991
6.46499
-8.71071
-8.62255
9.38905
-9.11344
5.14651
1.71997
0.336086
2.45079
-5.64673
-0.84825
-0.907
-3.0797
-8.89735
6.2908
-4.8346
-6.95616
-9.78375
-4.97134
-5.57859
6.65131
-2.31259
8.5167
-7.63371
-3.84638
-2.16713
0.797251
-4.6492
-9.43773
-4.68058
6.22219
-8.98821
-9.36765
3.45553
7.11203
-8.6085
0.404657
-7.3265
9.34682
-9.14666
6.15742
-6.1218
9.03119
0.191147
7.5173
8.91578
-2.11179
2.60823
-9.77375
6.24692
6.01975
-3.76891
-0.117475
3.23081
-4.90246
1.53837
2.99898
9.29108
-3.54528
-4.13878
7.14143
6.50462
-7.97068
6.59159
-9.02162
8.50531
-6.6703
-9.12385
2.10666
-4.48403
-2.23051
3.64596
-6.10475
6.11275
-7.35853
-5.5826
-0.247834
-3.89899
6.01421
3.29242
5.67156
5.56623
-1.14878
0.193556
0.226149
-1.50465
3.14361
-8.88952
-0.0376369
9.89438
-7.15162
-1.15792
1.12439
-4.57958
-4.46683
-8.46393
3.5315
3.37602
-2.99503
3.7138
-3.92202
-8.53059
4.5674
5.19044
-3.40494
6.82634
9.19366
-7.55706
1.65063
0.961423
6.66865
-6.06657
-1.72965
-1.79532
3.05285
-9.62738
-7.39285
-9.32933
2.62621
-2.07617
-2.60288
-7.69581
5.31735
7.23784
-3.19375
-6.29913
5.60866
-5.38573
-5.74829
-4.04047
2.69315
9.4649
5.28705
1.26324
0.465119
-9.12234
7.05353
-1.49042
0.54021
7.02841
-9.43983
-9.7702
8.26856
-3.64372
8.66753
1.17786
-6.46294
-3.98623
-3.31928
6.07204
9.52712
-1.3551
-6.46522
-6.41586
-5.46347
5.86547
8.37179
-6.84192
-2.913
9.06305
-7.38241
-9.22338
1.98168
-6.24187
3.2836
7.37
5.47314
-8.45827
-4.97579
9.97456
8.53643
7.60949
1.41474
-0.383924
-2.73849
6.544
-1.01775
-7.36261
3.99553
3.96174
8.78841
3.05112
-0.950365
-3.04153
1.95879
4.52686
4.0734
-2.71094
8.66802
-8.31876
9.68942
-6.45048
9.97898
-5.89543
3.332
-6.75303
2.91273
3.51772
-8.33076
3.81712
-0.425941
-2.09184
5.29255
-0.0393824
8.51522
-2.44202
2.87971
-9.98577
2.29335
-9.52489
5.68639
-1.34373
9.93
0.609881
-9.52974
-0.411263
1.3439
5.93385
-4.16463
7.77256
-3.50759
-2.66122
-8.89852
4.46178
-7.32478
8.5578
-7.68783
-6.85538
-3.95553
4.90531
2.62048
-5.67621
8.70563
0.378526
6.31642
0.936753
-9.17462
-7.82525
-8.96542
-6.47604
-8.10955
5.38026
1.61213
-0.294056
9.75084
-7.2824
-6.36899
-8.85149
-2.53881
1.84856
-6.5922
-6.6893
-7.60327
0.683718
-5.81193
9.52764
-0.0808741
7.12175
-7.78003
7.33679
-5.68095
9.12119
-0.554191
7.68051
-3.75507
-7.70532
-3.45318
-1.70662
-9.21642
-8.57599
-2.64789
3.10231
0.29066
-1.65007
6.08803
7.04015
-3.45501
-1.66899
7.07236
-2.18336
7.44869
-0.257501
3.28265
-4.26202
-6.99352
5.26202
-1.65103
-7.23845
-3.55352
-3.36025
-4.90328
-8.92718
0.907733
-2.23501
3.51935
8.34633
5.99481
-7.18079
-0.722537
5.58455
-3.36999
6.46172
9.3487
-1.58847
-1.97902
-7.34751
-0.298696
3.63921
3.27382
-2.88243
-2.19323
9.84348
-3.65239
7.65456
3.97776
-1.08421
-6.14401
6.32419
5.0151
0.739589
9.93122
0.753148
-6.8683
-3.76516
3.28935
8.77233
5.81422
6.29005
-6.84594
-5.26585
-2.0285
2.13907
-1.75042
8.20534
7.74772
-6.56391
2.16622
-9.75572
9.66081
5.84261
-0.399624
0.881843
-7.26709
-7.11551
-4.09576
-1.71661
-6.95333
-5.00228
-9.26084
7.73993
-2.71467
0.202656
3.16619
-7.70556
0.457183
-0.814992
-2.95763
9.44285
-7.11291
-3.512
-6.99789
5.75992
0.966784
8.11488
6.53046
7.10002
-3.06333
-6.50012
4.68262
2.6393
5.53742
-8.76469
-0.0607512
-9.30498
-8.30954
-1.83798
-4.36254
-9.96705
1.97921
-9.22712
9.57571
7.11594
-6.29603
-3.01229
-8.99041
5.13362
-4.66586
-8.80902
-9.34733
0.171226
-0.496747
2.24976
6.84934
-8.17258
-0.928358
4.6314
6.23821
6.08799
-5.43507
-1.38846
-9.5229
6.23214
0.394993
-5.88772
-2.47783
9.72758
-7.84447
1.45515
-3.82812
-4.98883
8.99259
4.08744
-5.20677
-0.883156
6.17882
6.2872
-7.90301
-4.5224
-7.27153
1.42941
1.33687
-1.1186
-2.09761
-7.62784
-4.74701
-7.69671
6.05136
8.98021
-7.59443
-3.21899
-9.71782
3.13793
-4.74795
-7.92606
7.31198
-1.47895
-5.52083
1.78502
-4.4233
0.917697
-5.16344
3.98171
-0.2868
0.344262
6.22469
6.98922
-7.96005
4.23655
5.31899
2.62281
-2.72201
2.56766
-8.11865
-3.8361
-6.29506
2.12126
8.49879
-2.83179
-7.99474
-5.08633
0.237819
8.83604
3.61744
1.80573
-6.88414
0.101558
1.29368
-1.11752
-2.06462
5.54678
5.35179
3.72431
-6.4706
-1.73111
5.74894
-0.919329
-5.47828
-7.7112
-9.76102
-9.17016
1.06453
-0.839179
6.64992
8.92354
-1.50315
-8.88367
-1.54088
8.04263
4.3481
-3.85162
-0.365648
8.01176
-1.46616
2.53391
-9.00132
-7.96888
3.95897
7.81977
-3.42496
-1.81041
-7.87654
-5.49177
6.44505
-8.45526
-1.15282
-1.38429
-8.8477
0.624312
5.08336
-7.18926
-8.31092
-5.83641
-2.77023
0.637223
-4.71092
-2.79674
-0.311272
-2.11312
8.82851
6.59955
3.05073
9.80014
-6.60027
6.12704
-3.37725
-5.43879
-8.08683
2.57765
-9.40435
3.43669
9.31419
-6.21548
-3.48835
-7.37416
-3.3548
-5.15379
4.48113
0.995007
-3.22605
2.82718
0.500583
-1.27692
-6.25444
6.00862
9.99263
4.66352
8.5567
-0.182546
-3.85722
-7.07889
2.42033
6.63952
9.62343
-7.45234
-8.42852
-5.09227
-5.18387
6.99528
4.20831
-1.45781
-4.3287
-6.54776
-4.32344
0.713679
-0.0525422
-4.33457
-0.536078
6.02386
5.87826
9.37374
-7.49297
-2.12226
-8.48364
-3.09677
8.82707
-1.2899
9.35299
9.48223
-2.74021
0.775342
-8.37322
-7.0883
0.25427
5.68878
-6.60609
-2.32621
-8.83175
8.39886
8.376
9.49232
-1.4668
-7.33101
8.33542
-5.30019
-4.69047
2.66094
0.816939
8.25357
8.67508
1.35944
-2.83184
-4.5696
7.422
-0.808807
6.50134
-6.52227
-2.82256
-6.58431
9.43841
1.98502
2.57124
4.15703
4.90756
-6.54853
5.87206
0.0749885
-5.18946
-5.73596
-4.21253
4.72165
-5.00174
4.67862
1.92078
-7.00805
-9.31972
0.840964
-9.79213
0.458997
3.21964
6.63208
-5.5055
1.80799
0.355571
-4.77445
7.7922
8.37787
9.44524
4.56496
-6.23183
9.63184
3.57562
5.18409
1.34044
5.16393
2.68377
-1.61058
-8.91249
-1.12195
9.51769
6.10367
-3.67383
6.8309
-4.1881
6.74491
0.510628
-3.1951
-6.05495
-6.68664
8.9697
8.17885
-0.840844
-2.8843
1.40045
2.61274
-3.22154
-7.17454
-6.99002
-7.71029
-3.53626
5.22112
-0.658504
6.10815
-5.87252
-4.86346
1.79461
-6.25273
3.53423
9.88996
-1.62268
-8.29099
-0.303353
2.52792
-5.40757
-1.64938
-0.106294
3.24386
-8.58767
0.960099
-5.5143
6.73171
6.44307
6.79739
6.74928
0.252819
7.59464
1.7481
-9.16817
0.8789
-0.606587
0.144934
0.821117
6.58926
5.59412
3.04991
7.0957
-2.678
-0.369293
0.814805
2.88191
9.19521
9.91242
0.317171
2.67219
-8.77467
-0.192548
4.48768
2.29873
-9.90932
-6.29048
-1.5052
-0.489512
-1.25805
8.76321
5.44315
-5.56417
-9.31059
-3.89604
-2.80923
-4.04295
8.14705
1.88375
-9.26923
-3.53158
-8.74856
4.50155
-4.34122
1.48907
-7.52673
4.49796
-2.98444
8.97359
-1.90953
-6.77002
4.02519
6.7848
2.99423
7.99826
8.02363
5.60623
9.76689
8.60456
-8.41403
-7.41899
-5.67154
-6.2196
0.220159
1.23406
2.73602
7.52277
3.01897
-7.10311
3.98655
3.63339
-0.315646
-9.90269
-3.21593
-8.21696
9.0015
3.45743
1.86015
6.87104
-5.89722
-0.124964
-8.92719
-6.45399
8.99247
4.52844
-1.54768
-5.71896
-9.61532
-5.0186
2.7271
-1.29622
-9.16686
8.87895
-5.42556
-3.12159
0.60988
2.98175
-8.3621
4.3958
-5.66014
-9.78386
9.7856
3.48453
-3.14827
-8.29045
-2.48373
-5.49277
4.20685
-4.80882
2.02637
-4.68613
-1.12505
-8.51809
8.22275
2.70864
-8.69349
-7.04597
6.69942
8.03508
7.78977
-3.24743
2.0091
-3.55659
-9.13067
-9.76154
-0.124559
-7.81634
-6.54864
-5.39219
0.548296
-2.75821
-8.95504
-2.91213
7.35332
-8.66157
3.72501
-6.29798
-5.50853
-7.16169
5.99065
8.58642
-1.02033
-5.86596
9.69497
6.54623
-1.22089
-5.20803
3.90254
-8.66147
5.93327
0.967316
-7.52329
-9.49587
1.04689
-8.34391
-7.69982
9.94405
-2.39406
-0.835081
-5.50058
-1.58335
3.20485
2.2176
-9.60616
-1.65469
-5.73791
1.41528
0.957571
8.4675
3.63206
5.92292
1.5089
-6.32422
-8.16501
-8.57217
5.58744
-5.28149
5.41697
-1.66942
-2.68887
6.11956
-3.98146
-1.93241
9.00658
4.68505
4.68694
8.27803
-0.0288527
-2.7057
4.23914
4.62365
-2.43894
8.38807
-7.69093
0.423027
-1.57419
1.79935
-3.85687
-6.59523
-4.04248
-5.48905
-7.8928
-8.08246
0.539076
-8.17522
-4.08923
7.5159
-2.08591
-6.39451
-0.771302
-4.80537
4.23406
-6.90421
-6.99111
1.45444
-4.35388
5.73303
-6.59244
0.196777
7.56281
-8.06904
-8.08018
-9.92496
-8.79015
0.49283
3.60901
8.8463
-9.80019
7.82166
5.93511
-8.49286
0.559137
1.08149
-7.09628
-7.84336
6.98951
3.69391
-4.72163
-6.23042
-5.37271
0.843492
-4.59178
-3.89436
-2.05183
6.89286
-4.37777
-2.88845
0.828322
-9.28573
-9.25862
-3.76034
-1.48561
-2.06609
9.49035
-5.48047
-6.92136
-0.976183
5.68505
-7.04994
8.8624
-8.80652
0.0859914
-8.63498
8.77255
1.31999
7.6002
9.46139
-8.26308
1.96628
-5.23532
-8.17221
7.10174
7.18741
-0.361682
2.79284
-5.46248
7.69493
-6.33098
-5.48518
4.69112
-6.52115
3.90097
4.30276
-6.72473
7.68156
7.96979
2.60514
-8.26982
8.94285
5.43873
-9.10188
-6.45612
5.21995
1.70788
4.88579
4.61146
3.92227
7.34411
-9.41104
-3.20792
-1.15911
1.40777
3.20456
9.54426
0.615344
-4.81893
6.79016
8.95348
-4.7581
8.43378
9.1501
-4.30578
-5.66823
7.60753
4.6206
-7.11522
5.47698
0.486183
8.18025
6.10606
4.24309
-0.71517
-0.577305
6.08254
-1.88982
0.685086
-7.04542
9.99905
-6.6821
2.03212
2.82255
0.79355
-1.70846
5.36573
-0.712749
0.981671
-8.55119
0.671472
-5.12613
-5.09692
0.0922058
-4.99034
-2.07853
-7.68596
3.21958
1.12282
2.17641
8.87997
0.939606
6.6619
3.23711
-7.44636
2.32714
0.0464564
-8.66758
6.57701
-8.37721
0.735278
-3.96207
2.752
8.36472
7.69356
-5.29809
-4.17038
3.09142
-9.7214
1.72529
-0.173108
8.48862
8.61409
-8.85918
-1.43456
2.15126
-3.41384
-2.54977
-0.183224
6.43265
8.4841
8.25306
9.53162
2.16262
-8.54787
2.24595
9.43116
-5.59934
9.55335
-5.33916
7.76676
-8.02275
3.42376
-7.32197
-5.35741
9.55889
2.0769
-9.10538
5.58832
6.60318
3.08339
3.20964
1.02306
-3.83362
-5.41708
5.72731
-3.86371
6.46555
0.689986
-4.73555
-7.89038
6.82309
-8.05777
1.12453
-7.59172
-1.36412
8.43656
-8.1203
9.29098
1.88171
6.94327
3.45563
-1.75926
3.03073
-0.869114
-4.12239
-0.461028
4.76058
-1.56053
-8.79212
-5.16445
-0.665207
-6.71763
-1.3572
5.76583
2.71158
7.12434
0.168611
5.2007
6.28228
7.37902
3.87917
8.67005
7.53824
8.60295
-4.11189
-6.73148
3.93456
-2.43593
-3.87063
8.64091
8.82566
2.66649
-9.79159
4.47409
-8.27941
-5.02742
-2.6245
1.62358
3.43534
7.54024
3.74101
0.221371
0.260932
-8.33574
-3.30049
-6.19619
9.33437
8.3632
-0.600966
-0.066134
3.37475
-0.610598
7.76724
-3.4467
9.26985
0.271206
-6.56283
1.28126
8.17334
7.35063
6.80999
5.28372
0.365758
8.19346
9.92515
1.69302
-4.22749
9.674
9.81269
-6.31041
9.41103
-2.16424
2.17852
-7.58558
2.91001
-1.52122
1.77801
8.31707
-9.57612
-4.688
0.392725
0.130026
-4.36676
4.23576
-6.77922
7.47793
-8.98121
6.49865
-1.42546
-9.42578
-9.77371
-8.4697
9.45726
-6.76528
-2.83072
-8.57445
5.83725
3.56782
3.67428
5.39634
-3.21084
-4.4844
2.15044
3.87919
-2.77616
-0.435596
6.21685
-8.93588
-3.65799
3.37383
-5.23776
-8.11679
7.44502
4.05953
1.92161
-1.73545
-8.89681
-0.0105021
4.37553
-9.16576
-2.73341
-1.88948
-0.287696
-9.84064
-5.38525
5.21749
-4.09064
7.80899
6.75323
0.733954
-3.08486
6.5167
0.81122
2.31836
-3.46057
-7.07754
-7.82634
2.09277
0.140956
0.927716
-6.34684
3.96525
-2.24582
1.60478
4.09444
-4.84598
-5.8005
2.66054
2.49196
-3.29759
-8.68392
-9.72202
3.03782
-2.10664
-1.25377
5.17357
4.51178
-7.26228
5.75239
-2.84818
6.05103
-1.85869
4.4908
-4.63888
-0.870447
-6.71634
-8.80917
-0.278387
-7.36713
8.81146
-3.94956
-9.72002
-9.1057
8.61831
-5.32772
-8.96133
-8.31468
-7.48026
6.9101
1.40637
-2.78811
6.61986
-4.48631
-2.06222
2.50617
1.49891
-6.54444
0.398523
5.13187
-6.26477
-9.1389
-3.85592
-7.68906
1.23159
-0.325917
-5.1092
-2.53216
-9.82464
-4.73612
-0.454806
0.370208
4.36984
-8.12846
-1.97869
-7.31681
4.58692
4.91783
-6.09743
4.57105
-4.72105
-6.36634
-8.80468
-4.74091
2.5319
-2.83391
8.88946
-9.94106
-5.06276
5.26284
-3.98685
-6.32811
-2.18598
8.91321
-3.41892
1.58916
0.943756
9.05115
8.34131
-8.35797
-3.9775
3.79928
9.3858
1.3144
-1.97029
2.00382
5.18209
-5.02304
5.621
-2.70268
5.89472
-8.04205
-9.26051
1.00651
-6.7029
1.11556
3.4916
1.33841
-0.760171
1.66929
1.8414
-8.06643
7.46635
-8.60825
-0.949467
-4.36425
-0.710266
1.33199
7.5477
3.82341
5.815
7.07022
3.88454
-8.43004
7.37476
-2.30893
3.76842
2.00089
9.81593
-0.63283
2.31384
6.31455
0.221867
-3.61024
-3.60752
9.90574
-2.62312
0.954383
-7.63055
9.82168
8.39293
-2.14661
2.98464
8.38985
-1.15322
-8.14521
6.38
5.35497
-6.24185
-4.06934
3.30596
3.37502
7.8266
6.17316
5.69482
-4.55266
0.399928
-5.69984
1.71021
-1.98313
1.34596
7.76542
-4.97252
9.47835
-6.16963
-1.12723
5.73809
-6.10042
7.26732
-7.26447
-1.51427
6.50697
-5.4806
5.76823
2.12576
-2.71041
0.705643
-5.44126
1.5609
-2.43809
-6.53177
3.91673
3.96359
1.10598
-4.1982
-6.33458
-8.81803
-4.71666
9.92662
8.93404
-9.11444
-8.98156
4.36425
7.47971
-0.603744
-4.37399
-5.65962
0.64158
7.9395
4.96328
-1.30614
-0.807664
-4.67889
6.2752
-6.77101
-9.54999
8.18257
-0.628642
2.33278
-6.04268
-5.2824
-0.50644
-3.06856
-3.20186
-0.933852
2.53093
-0.470913
9.73712
6.86963
3.30796
6.02163
-3.06377
3.31873
5.76242
1.88443
-3.31869
-5.59153
-5.73782
-2.31686
-8.43456
-8.69507
-3.53928
-1.04701
-6.29144
3.30535
-2.59752
9.44611
5.19313
3.73343
-6.43515
8.48574
-6.12751
7.46104
-5.27032
4.4277
9.53596
1.10583
5.64353
-8.43539
1.12635
5.15414
-7.95754
-0.419548
-0.0992937
9.4434
-5.46085
8.04729
0.262332
3.06618
-4.08644
6.44151
-4.80473
0.597871
-6.60844
-1.45621
9.08611
7.68413
7.4812
-7.51138
-8.93009
9.84705
-3.133
-9.42795
-2.70268
-6.41239
7.80519
0.447416
-7.33837
-6.5043
-6.45357
-1.40976
0.0821301
-6.53952
-9.27178
2.75752
8.51192
4.84648
5.68135
0.279667
6.0839
-4.37689
-6.50089
-1.10651
0.451272
-1.82469
-0.0958997
4.75247
-0.796681
1.46396
2.85658
4.34967
-4.40918
-2.75976
-6.01631
2.28459
1.58943
7.35612
-5.16171
-8.16338
-3.96508
7.37208
9.34693
-0.275264
1.21812
-6.52375
0.271177
7.59969
9.52536
8.33995
6.83866
0.906369
-8.38508
5.40068
-5.28412
-1.24106
9.95119
-1.04576
-5.9263
7.19013
3.56395
3.4353
-8.42096
-8.81732
0.505408
-6.23607
6.73711
9.6901
9.05511
9.34291
-9.82595
-8.35478
-5.75748
-2.77501
3.3182
1.78798
6.25682
0.463782
-3.29808
-7.11728
6.88875
1.36094
-6.9822
-1.78478
-9.03848
7.18219
-4.55944
-4.35059
-5.02082
9.20616
-0.0531446
5.28357
4.73673
1.27371
-0.12797
7.98945
8.7438
-1.78278
-6.76127
5.77078
2.92409
-0.124928
-0.95622
-1.32161
3.63716
5.35683
2.32623
1.51844
6.66449
-7.34954
-6.8486
9.15102
7.00392
-1.30016
9.38839
-3.02475
-7.71291
8.18512
4.14657
6.22109
7.09528
-0.820208
6.85087
7.71928
8.68557
9.71921
-7.88442
6.51141
0.498886
-9.51038
6.82788
-0.580931
-1.28516
-9.9582
6.23994
2.75112
1.01747
5.1691
-8.47776
4.74366
-5.82335
0.697044
-9.65774
-8.03962
-1.87075
0.556603
-1.1457
8.40802
-4.37706
1.61151
7.33678
6.03092
-3.61443
-0.44814
5.96921
-6.15945
-2.00959
-6.1663
4.34543
-3.67602
8.44908
8.03137
4.77603
8.88552
0.990582
0.283875
-9.19334
5.64581
-6.05158
-6.72275
-1.6991
-7.49605
9.21425
7.24422
5.59578
-6.67605
-6.0772
-4.07487
4.39074
9.61207
1.06961
-7.22349
5.9919
2.09573
6.35288
-8.29396
-5.81759
6.99764
7.95861
7.33653
1.26782
9.13402
2.12173
-1.3481
-3.24346
9.67979
-4.4941
-3.43874
-3.25404
7.77309
-7.27768
0.453676
8.52402
4.12914
-2.80964
6.53719
-9.6455
1.36124
-8.87404
7.30579
-3.85309
2.44045
-2.61122
7.81508
-6.96555
-3.84536
-4.55178
1.84001
-4.82535
9.85117
-4.37292
-3.98176
6.78985
-3.71951
-8.60286
-0.35355
3.08023
6.92477
6.74397
-5.90118
9.73953
-9.46434
-6.03941
-8.60113
5.00996
7.26851
2.70764
-5.87151
6.22036
-1.84968
-8.61214
6.74607
-6.68574
1.83144
0.985821
-5.03326
1.80838
8.63445
-4.75728
8.90061
7.80597
-8.37141
-8.34504
-3.7677
-1.93445
9.43816
-0.846773
-6.74928
-7.30356
2.16381
-9.15562
-1.28979
9.88616
4.39534
5.85598
3.34064
-1.71137
4.87381
-8.3537
-3.34117
9.50861
5.78312
-2.76972
-6.79061
-9.23957
3.59235
-4.71706
8.43848
-4.42566
-6.68173
-4.75974
-3.6528
-8.24993
-2.66626
5.10695
-1.53486
-6.94252
-5.47553
-6.9492
8.42376
-9.04027
4.62115
-6.07832
-4.3002
-9.54521
-7.35681
5.05558
-6.53853
-0.377877
9.13541
-8.85724
-8.2839
-5.6828
-9.37616
-7.84672
1.27192
0.428772
1.63644
0.483018
4.84586
8.02048
-7.2828
4.33074
-2.25697
0.397741
8.9096
-8.87274
5.98419
1.61402
8.8095
6.45947
-1.04108
7.16228
-3.08463
5.77441
-3.65717
-7.34682
0.872805
-4.81566
5.15402
6.29095
-7.62841
-2.54109
7.77253
4.11193
-4.2295
-5.11861
-8.85232
-2.49649
4.67304
3.72398
2.23208
4.78901
4.14517
-1.11603
6.17484
-8.97405
8.35412
-8.49584
-1.43597
-9.93772
-8.77086
-1.47584
7.92293
-8.16817
5.22606
-1.01511
-8.0564
6.41224
2.15668
-2.99076
3.10477
9.14596
4.87098
1.74196
-5.80007
1.82709
-8.28038
-2.24953
-9.95834
1.34053
2.35067
-0.376129
-8.33462
-3.98175
6.49686
7.4841
-2.4995
2.23252
-7.21081
-1.87477
-8.70921
9.3166
-4.09876
3.37227
8.42308
-6.20475
3.91353
3.40958
5.47183
7.18592
7.92574
0.244166
7.20571
-7.57421
9.68801
3.67505
-8.6369
8.48183
-4.76599
-0.764825
-5.1689
1.1638
-9.1466
-8.78348
-8.58565
9.90043
-2.27115
2.30479
-2.57515
8.63647
-8.51725
9.32314
-1.55544
-3.49732
-1.15495
-1.53854
-9.29735
7.00786
4.59171
6.06
-9.22285
-1.23321
-5.44803
6.99526
-4.70574
-4.15995
4.39167
3.01826
-9.20871
0.312138
6.4137
0.617014
6.07487
-3.47261
7.95026
1.27783
-6.29846
-2.74501
-6.95627
7.12497
2.40365
2.84393
-5.176
9.11212
-7.54006
0.0974019
7.90364
2.06805
5.56426
-2.85184
-0.345874
6.37439
9.3817
-7.88281
-4.36581
-3.15295
4.72124
8.91805
-0.232792
-0.959524
-4.57211
-5.58163
-6.03002
-3.20689
3.35101
2.54315
7.49784
4.04268
-5.96488
-2.88236
-6.22248
-8.01483
4.37555
-5.32029
5.25172
-0.684965
7.96476
-1.41582
5.86957
9.91603
-5.87847
-2.0216
-9.74693
-3.12006
-5.14915
-9.78394
9.98696
3.58908
2.74699
7.62317
5.47108
7.84173
9.95814
-7.07151
-1.29742
-8.7745
-8.0776
9.87397
3.39592
7.31252
-6.88138
-6.65509
-3.00992
4.48454
9.32238
-2.31546
0.135791
-5.41891
0.896913
2.62399
-3.18644
0.94676
-6.12122
7.47061
8.73182
-0.754384
-5.25795
8.92136
-4.66743
-6.41674
-4.23441
3.23288
-7.36104
7.56622
-8.78494
-4.32309
5.17996
5.03116
-9.26951
9.49273
-7.00364
-5.04653
1.33891
-7.76557
-4.24134
7.71848
-0.342648
-7.1222
-3.38825
-9.70586
-7.30073
-9.25797
5.61642
2.22919
-8.86117
-6.30162
5.51001
5.72567
0.131806
3.8481
-2.30381
-4.22821
7.3573
-6.51561
3.44693
1.50595
8.6634
-8.60107
-8.37725
-9.78748
-8.28276
-7.7932
9.96496
-0.21483
-4.16783
-8.83922
0.174663
-5.14314
-9.55842
-0.21395
8.36852
-6.62836
9.59279
8.52999
0.703973
3.01079
9.73902
0.494161
-9.57785
-4.00628
-7.27919
-6.73797
6.50416
-6.67431
-4.83104
5.98585
-2.37427
9.09499
4.96184
-2.55916
7.99027
-2.97128
0.475126
-7.05179
-3.4034
-3.13983
0.128139
8.22696
9.04345
-9.63707
9.42859
4.73704
4.38926
5.95426
6.92767
1.36392
9.98522
7.90911
6.11525
2.87227
-1.49076
-0.63249
-0.482855
6.98897
5.38534
6.93404
-3.37733
3.89329
5.92818
-5.20564
6.6032
-2.0144
-7.72977
5.50747
8.22528
9.82945
5.58334
7.134
-3.62767
2.93156
2.28729
7.85278
-9.06302
-3.58057
-0.354663
-8.01399
8.61269
-9.36223
-0.00647593
-0.756133
0.694211
2.21747
-9.73646
-7.57574
5.09762
-8.66031
8.67565
-0.266264
-6.54749
3.85308
0.549692
4.86756
-5.36715
-9.2058
-5.02848
-8.90251
5.12377
7.96488
1.23583
1.52579
0.126476
-2.14856
4.05142
-5.40452
-6.44873
-1.29191
7.7434
-3.31486
-8.37732
3.51256
8.23101
-1.49022
-4.38628
-8.76079
-3.67359
2.00661
-8.55272
0.0504899
-6.37426
-6.12004
5.06943
-3.78991
-7.49803
2.0467
5.4452
-7.53741
1.82011
-5.53842
4.89604
-1.94225
-9.84234
-4.63038
7.74708
-8.65987
6.5133
-7.34618
-8.34917
-9.24493
5.52562
8.90556
5.58406
6.18109
-1.28396
-3.01005
8.77118
-1.30854
-3.36066
3.6193
-4.62301
1.23936
-1.68831
8.75722
0.754205
-2.51858
5.93976
8.08923
-8.34165
-7.80569
4.65812
5.41038
-9.20064
-0.247142
-8.62699
3.25642
6.34207
-8.75822
4.39489
6.66572
-9.23309
4.34613
-0.376966
-3.6111
-2.56145
-9.35159
-9.2662
5.50989
-5.79983
3.8582
4.04807
5.21633
-6.48082
-9.6222
-4.75103
-9.16896
0.678596
5.09579
-0.559252
4.22539
-6.93315
4.08864
-9.45397
-9.0233
-7.08647
-0.245128
-4.09275
4.26648
-3.69442
-0.379149
-9.82185
8.26614
-3.2322
8.52295
4.96201
3.90722
-8.81503
5.02776
-9.20993
-6.66783
-1.22485
-9.19552
2.35985
6.37883
4.90168
-0.721755
-9.29061
5.14028
-4.24544
4.39856
4.23862
-0.50382
7.67255
7.94447
-0.932127
-2.36954
6.75964
-5.2878
5.82083
7.59267
-3.56913
-1.49274
0.0235627
7.1498
8.87223
-8.52902
5.22384
4.29636
-7.30076
-2.6477
-2.23194
6.19171
5.24431
-7.6068
8.85379
2.8836
1.09969
-8.90291
-0.258682
-1.56994
-3.68837
-2.07765
9.40921
-3.01801
-7.20633
8.57976
-2.16023
-2.36571
3.24696
8.86655
2.69615
8.55422
1.60138
6.65731
0.391897
-1.22564
6.49067
9.67281
5.25746
-7.62014
9.63238
2.9023
-8.71159
-6.52831
-8.40947
-5.93257
-8.75562
6.66214
-6.03408
-8.64659
6.89287
3.92531
-0.397575
6.92327
4.00976
7.9219
6.25186
3.6666
6.22143
9.53979
-0.0520012
-3.53191
-4.42231
5.00109
3.05987
-2.66985
5.369
-1.29566
-0.10499
-5.6727
5.4453
-8.21646
-3.61323
5.04809
-6.72771
-5.47995
-3.27955
7.39836
9.09811
-8.84957
-9.06122
4.96321
2.63836
-2.25502
6.13623
-4.81716
6.17138
3.72353
-2.36247
-9.91806
-2.76922
2.8243
3.70159
-1.0438
-1.63484
4.1091
1.25573
7.0799
-5.30623
-6.40444
-5.28385
5.03425
8.02223
4.64071
-5.82958
-0.391439
-7.29235
-5.89333
2.4817
3.39895
9.70323
-7.97074
7.92874
9.28941
5.50778
-3.04317
-5.15923
5.07547
9.14451
-4.13642
-0.346809
-1.22611
7.66186
-3.33159
-5.45577
6.90596
6.65981
9.56552
1.27041
5.5634
2.48921
-1.17969
0.269851
0.744721
5.34772
-5.812
-3.87054
-7.27468
3.61855
-2.97889
2.00822
-4.39688
8.39262
-6.64479
9.78282
-6.79264
-0.0805406
9.27286
7.05208
-4.0984
-5.70236
-6.32104
9.53496
8.14374
6.40566
2.87404
0.969448
-3.25991
4.06388
-0.854583
0.820897
-3.63646
6.69666
-7.26691
-8.28935
-2.02304
0.130961
-9.74822
7.55869
2.25245
6.23767
-8.18891
4.39375
2.91059
3.31977
9.08231
8.32719
-7.81401
-0.284164
4.38539
9.33247
-5.51356
1.06906
-9.95145
-9.44777
5.94347
-9.02579
2.92317
-3.48468
-7.79332
7.93318
2.67855
0.841459
-1.17171
9.21313
-2.42303
-3.98607
6.298
7.6093
7.62528
-8.80974
-7.3381
1.38194
-6.33856
5.69338
2.19738
-5.31204
9.97419
7.9879
9.3847
7.40233
-3.05626
5.11667
8.04438
3.87176
4.96557
3.58539
9.689
2.22773
9.17716
7.68014
0.622466
4.58274
-9.59309
8.64338
0.925292
-3.26829
-2.96943
-8.21392
-8.92917
9.67966
7.33624
7.56052
-6.53547
8.03123
-3.58623
-3.74669
0.691907
-1.56755
5.907
8.98969
-7.23431
-0.910634
-8.82848
5.18607
9.30896
5.9515
-2.99936
-1.21827
-4.41096
7.30497
0.216712
3.1662
-6.11829
3.94565
1.73291
3.6529
-6.88791
-7.71481
0.395731
-7.09718
-6.5328
-9.01685
-9.19472
0.45495
-8.85327
-5.88978
3.72678
-5.63138
-1.88332
4.35588
-6.43715
-1.86695
-1.77792
5.13753
-2.87542
6.97107
3.92852
0.197913
-7.34464
-2.71056
5.98948
0.756562
0.322488
-5.54836
4.23077
3.685
4.35815
-4.27275
-6.77798
7.49276
3.42572
5.97562
-2.2539
6.94277
-3.10517
-2.56875
4.62269
-9.52658
9.37715
-3.73069
8.59568
8.7168
-0.486054
-2.85075
8.72153
-3.49418
8.58959
-7.31841
-9.87254
6.90884
3.60663
-6.93023
5.33355
-6.11835
-6.9037
-2.30944
4.80824
-7.24107
-6.18713
6.0488
-7.63431
5.50983
-4.20588
-8.35376
-4.2022
-6.24571
-8.15129
-4.57949
-5.79765
-1.90674
-3.29895
-7.56568
-7.67269
-8.72874
8.69731
-1.3664
-0.534389
6.80304
-7.37683
-3.73432
0.633091
-1.49229
1.84148
4.78724
-5.36251
2.26749
-0.777021
6.94106
4.95074
4.43883
3.37595
0.597379
-8.15193
4.68098
5.20432
-0.290534
-1.04645
-9.66982
2.12231
1.40654
-5.92518
-1.54871
7.1763
0.233774
7.02303
6.76755
8.28012
-0.4432
-0.935338
0.042307
0.73174
9.19629
-3.13182
1.21407
2.68263
7.77806
-5.51813
1.5323
8.3728
8.72162
-9.73566
8.78065
-5.61436
6.20068
1.10127
-7.10395
8.13963
8.06385
7.06091
2.19673
0.103439
-1.81666
-1.69237
-2.8674
8.14518
2.89932
9.11152
0.894126
-3.08426
2.3544
-3.27161
-5.90127
-8.30803
-4.91393
5.40905
3.66725
5.7046
-3.90335
6.51858
1.27116
-4.7554
7.89542
-2.53841
-5.45069
-3.05922
-0.837223
6.63289
2.64932
-2.74593
-4.50932
4.82465
-2.65573
-7.27622
5.19063
-9.63857
-9.37672
9.67778
4.82258
-5.29141
0.680562
9.39026
-6.40557
5.47202
9.87013
-3.98822
3.13045
6.70934
2.50315
3.54049
4.64022
3.4934
7.20506
9.7495
-5.11708
-6.03584
-9.40366
-9.0072
-3.52917
1.99
-3.19811
-4.59632
-1.73897
-4.58663
4.03049
2.96095
4.42758
6.12042
6.31102
0.576063
-6.81827
-9.64738
9.35171
6.65978
-9.77689
-8.66189
-3.85903
-7.9679
-9.6213
6.0894
-5.11586
8.57935
1.35159
-2.21581
1.53306
-8.66476
4.20246
-7.72884
-3.30953
-2.17182
-0.420171
8.73874
-4.95293
6.31855
0.570931
1.33167
0.536926
-5.76881
1.44461
0.438352
5.68884
-6.48148
-4.10376
3.50568
-4.36508
1.27824
3.38871
-1.36601
0.149324
3.6691
2.83317
-3.00873
7.98208
7.55421
-0.499968
-1.54524
-8.51236
-2.54888
-5.66093
9.09303
-6.19848
-8.05832
0.775557
-1.54039
-8.92098
-8.08455
8.80468
2.55796
6.87858
7.67271
-8.58664
7.20018
0.761986
9.34544
5.90969
2.8202
7.52045
8.21593
9.84351
1.18476
-6.14292
9.7972
5.37672
6.49935
-4.58549
-5.9793
0.0403036
6.82429
-3.90696
-3.84637
-1.05862
-0.748919
3.8373
3.30013
2.11559
5.75828
-9.5356
6.25106
-0.373738
1.94791
8.46658
2.31965
0.274729
2.89935
-6.34211
-9.5152
1.80073
-1.82859
0.474935
-8.93147
0.92393
9.60204
5.92316
-4.72743
-9.47187
-6.8734
-9.3661
8.72634
-5.95024
0.552444
1.1269
-7.14737
-0.653415
-5.65734
8.83369
-0.00319799
-3.0515
2.29211
-0.782749
-3.88414
-8.10106
7.90352
1.7241
8.16661
-9.0349
3.73066
9.43927
-6.48118
-5.27783
-9.54477
-9.89196
-6.34305
-0.891255
4.56822
9.37994
-6.40266
-3.97421
6.86646
7.27007
-2.1296
-4.75636
-3.75994
-7.71515
1.19822
8.43366
-3.82808
-0.40217
1.29651
4.01109
1.81227
-6.92311
-1.7314
-7.5671
4.3078
-8.34474
2.12391
4.72065
6.19882
-7.8796
-9.10892
-8.3318
1.15191
-0.707796
7.01756
-7.84457
6.13642
-4.98728
-8.77556
1.23938
1.51037
-3.57426
-0.745587
-7.43158
0.545473
-3.45163
8.10819
-4.1954
-5.05374
3.8044
-8.92877
4.10386
6.22145
-2.51094
3.31145
5.56107
-2.2749
-8.63275
-3.13665
7.45978
1.24255
-6.11357
-8.24564
5.06973
-8.34475
9.73549
1.78328
-5.18536
9.04599
0.442442
3.50295
-7.5902
9.23083
-9.07485
6.32334
-7.12666
-0.183488
1.75567
2.93611
4.29382
2.23834
3.54512
1.62645
9.34455
2.64724
8.29005
-3.79428
-3.45696
-8.13294
-6.45443
-7.44528
-8.75626
-8.12559
7.51589
-8.04104
-1.28219
2.36742
8.00761
-4.04487
8.12284
-5.94623
4.91138
-7.73573
6.71712
7.43024
6.51585
0.0972993
3.66003
-1.76196
4.37577
0.780068
7.80571
8.71374
-7.66876
-2.08196
-5.00024
1.53113
3.09411
3.42826
-1.20286
-0.675842
3.88234
1.49284
0.815246
4.33613
-7.99367
3.18181
0.015298
1.55949
-3.98093
8.06446
6.27297
5.28079
-0.227907
-4.95131
5.1767
7.8552
-9.97634
-1.00601
5.91029
-5.50481
-4.51435
9.93197
0.480218
-3.37573
1.5493
-7.8402
3.89476
5.7331
-6.61616
-3.23156
-5.03941
0.562906
6.45778
-4.38474
-4.78463
2.7697
1.403
-8.80394
8.55649
-6.00253
-4.04663
5.72584
1.06337
3.5748
4.67939
-4.02719
4.36347
-2.0234
4.46063
-3.45834
6.99194
6.95219
-5.04944
-6.53246
7.18671
-2.93317
6.36988
-1.17834
-6.59857
0.651888
7.30381
3.76577
1.77784
0.188677
-8.92518
6.91062
-5.52155
-2.59606
6.83074
-6.7186
-8.96501
-0.665927
-0.347563
-0.419496
-6.07529
5.88824
-0.514502
8.23739
-3.03574
4.63516
1.08623
-3.0172
3.64286
-2.6532
3.80742
-5.02311
5.3458
2.00803
1.1096
0.0184611
-4.99574
-4.63917
-6.84276
-5.21183
8.81699
-9.52586
-7.45318
-9.28246
1.40518
-3.74316
1.72897
4.77493
-7.5203
-9.73395
-7.54493
-7.36952
5.52511
0.671964
1.83834
-1.72406
-8.84171
9.95276
8.42165
-1.23166
5.03309
3.00044
4.85143
-1.56423
8.0794
1.07425
-5.95387
-8.71065
-3.55544
4.75936
-6.39417
-3.24919
1.01431
-7.84666
-8.06163
1.91426
8.41377
-9.64659
0.289791
4.76272
-6.18114
0.457153
1.48862
-5.03669
-7.04664
9.28451
0.482911
1.54392
-1.17417
9.50927
8.21716
-4.05739
5.90512
7.54385
1.42565
-7.78264
-1.3111
-6.89249
-8.31359
-2.23214
-3.5573
2.74012
0.572745
3.47561
-4.95303
2.48135
9.75932
-6.00121
-0.530661
2.45923
-0.900788
-9.08805
5.77228
-7.77325
-1.58632
-6.13257
4.48029
3.41707
-5.73422
-0.0514719
2.58491
2.78509
8.37269
7.41877
-0.207738
0.158469
4.41388
7.24476
6.46138
2.48685
2.48794
-9.25745
1.99857
-3.62829
0.848641
-7.30859
-0.466164
0.559665
1.11185
-8.94022
-2.90872
9.32956
-8.01847
-6.55632
9.07167
-5.99595
6.62204
9.3381
1.89822
8.53399
6.84276
-9.08086
-8.34381
5.86924
2.81146
4.14503
2.31516
-6.66665
-2.56345
-0.715906
-6.19595
-9.78466
-9.96674
-5.39169
-1.72992
-8.90296
2.40092
-0.325349
9.06436
-0.0729418
2.79066
2.63791
4.43888
7.47415
8.04682
-1.75373
-8.99087
-2.45206
2.88761
4.97408
0.438585
3.32898
7.08967
-1.88163
-3.44405
-3.56684
8.30677
4.16136
-5.44357
9.13777
-9.75025
5.37821
4.70677
9.77279
5.65745
-5.7917
1.02986
-3.05267
-8.61398
-2.46921
2.0557
-1.58379
2.33638
-8.52197
-7.525
-7.56239
2.94149
9.12938
8.3137
4.93244
3.47058
4.26479
-3.73235
5.19691
5.2162
-6.20623
-7.38276
0.970067
8.26192
5.54689
-3.48662
4.00943
-9.65258
4.42102
4.5327
-2.26599
-9.47112
-7.43355
1.70004
5.77169
9.8649
-5.88372
-7.56217
-4.72414
-0.958034
4.17182
2.20791
1.59544
-6.6979
-0.781335
6.3561
-4.70213
4.6747
2.26823
-8.43964
-8.27876
-5.41705
2.7701
2.33908
-5.70005
-6.55679
7.25792
0.628972
2.05829
2.76669
-8.12753
1.13706
9.15271
-2.817
9.01067
-5.03487
9.48243
4.22161
-4.3988
5.16692
5.55866
6.91236
-5.30888
-7.98877
-9.53433
4.41215
1.49101
4.68153
1.36749
7.85759
2.67942
7.15234
8.17705
9.22159
-1.91769
6.56386
1.34021
9.66611
7.8566
-4.59926
6.88602
8.0962
-1.38587
-2.68595
7.71105
0.509259
7.68661
-1.03687
9.31585
-5.71503
6.67249
5.5667
1.77459
9.57717
-9.1881
0.0219812
-7.46387
1.06213
8.45048
-1.12933
5.72989
-1.1057
-9.7105
-7.23002
-8.95025
7.05808
-1.75093
-5.51719
-8.85807
2.43458
-7.8699
9.068
1.92109
8.68776
3.94541
4.57186
0.634817
8.19119
6.46213
-1.94538
6.10877
-6.84655
-2.62215
-7.50193
-7.18995
-2.84349
-6.57119
-8.3832
-7.39263
-8.38745
-9.05521
8.72877
6.887
-7.9061
8.83553
4.83865
-2.43065
8.83909
-3.81304
2.46964
-6.80826
8.53343
-4.39941
3.37706
9.26949
-6.92905
-7.2796
8.23582
8.37418
0.599611
-3.77773
-1.82988
1.59064
7.72306
6.6102
5.35672
-9.88749
-4.91998
-1.23961
1.96628
3.65113
-4.73975
6.12252
2.80282
5.06759
8.56927
-5.75926
1.86909
-8.73959
2.76153
9.76529
-8.25773
5.9793
4.57385
-3.07429
7.42461
-2.91898
8.57094
6.62535
-6.12032
-0.949872
-9.8611
0.554984
4.73543
0.691258
9.91848
-7.76717
-5.10099
-8.85913
-5.14111
-6.55508
3.66736
-2.81547
2.50773
4.53085
9.22692
-2.1934
-0.940088
-6.7544
7.42184
-6.49241
4.80515
4.0015
-5.14731
7.83047
2.4921
8.1897
1.57928
5.43131
-7.87058
-0.403285
5.08501
-2.33352
-9.95354
5.82741
-6.82474
4.86417
8.62726
-2.15487
7.89583
-9.91861
-3.18886
-7.47318
9.45395
-2.84016
-1.16437
6.35397
2.89574
-4.71008
1.20802
-2.5706
-9.35012
-8.8632
4.76835
-5.10271
1.00498
0.00605537
2.00129
-6.91479
1.48119
0.71935
9.32864
7.37994
2.52872
0.0875639
2.64529
-8.34723
1.99479
6.42564
-7.66288
6.18899
-4.38529
5.82925
-5.26008
-9.66624
-0.0143705
7.36984
1.57835
-3.20787
-1.0339
5.46488
1.28756
2.62246
-5.58065
-9.98797
8.00705
4.91521
-9.79859
-7.93384
9.99626
2.98561
-7.88022
8.58072
-8.38142
1.22873
-5.6013
1.78151
-2.95035
-8.25204
-1.56044
-6.09076
-7.52358
9.19574
-3.87003
-2.76424
-7.43498
-5.75564
6.71441
2.36886
0.00277746
-9.41873
2.68666
-1.08362
-9.61345
3.70901
1.00839
4.64779
2.87671
0.0960647
6.21666
-0.499766
-3.08837
0.908075
1.98966
-4.68356
1.74726
-4.25491
8.13763
-8.67087
6.3239
-4.81833
6.73332
-1.56387
-2.54226
4.67386
0.461034
-4.37887
2.90744
-8.6535
-0.170253
-8.09055
8.59016
-4.34669
5.55582
3.50855
5.04241
-5.17935
5.38412
-6.1629
3.87745
-1.18322
-1.59974
3.62265
0.0329465
3.36719
7.32463
7.83738
-2.60586
0.859841
-6.48516
-1.3015
-5.90561
-1.9868
8.89409
-8.89909
7.42459
9.63712
-7.46115
4.55297
-2.37289
-2.01373
-8.71843
8.89461
3.52107
5.93706
-2.19239
-1.20783
2.33046
4.92049
6.05776
-7.70476
0.502368
2.18898
2.30699
3.73401
3.76098
-9.88078
-3.59019
2.12439
3.0067
7.95388
7.02634
8.28508
0.614597
-4.67811
8.12833
1.37309
-0.298766
0.273549
-6.99953
-3.10965
0.313729
2.20757
2.88149
-9.15429
-7.63645
-6.70028
7.22581
0.177598
-0.594392
-1.22214
3.51783
8.319
1.78888
-3.90181
9.15557
-8.45201
6.82913
-8.20302
3.97189
-9.79601
-0.159916
0.120027
7.623
6.71752
-1.71675
3.62714
4.80323
6.51424
-5.05436
8.55488
-3.18828
-0.906564
-9.26923
9.0823
9.48213
4.88599
6.96431
8.62906
-5.71381
2.87337
7.49701
-6.66634
-3.75846
-2.53836
6.57328
-5.11636
-5.88463
-2.11614
6.47394
5.43538
5.64753
-4.36029
4.19991
-3.43455
-6.23322
-4.57095
6.61569
3.69909
-5.00288
2.01069
-5.99445
5.48668
-5.28203
-7.20112
-8.78748
-1.06886
7.23457
6.23975
9.5431
2.0562
-6.37322
-4.40956
-9.644
-0.543646
4.28422
2.22342
9.44833
-3.34132
-6.57871
1.62463
9.55877
7.88754
2.52986
7.53902
3.8882
1.1548
-8.18482
-2.00544
-3.33175
-6.24006
1.62799
3.02191
-4.52228
0.999092
8.52315
3.66072
5.01436
8.43508
-3.07609
0.247059
1.99021
-7.68101
-8.15362
-5.98797
-2.84289
-0.911434
-9.55304
7.75778
-7.57593
0.271846
0.316756
-9.05924
0.650584
-2.86845
5.79312
3.07595
2.8524
5.0939
5.73371
-7.76677
-5.08412
3.07581
8.16021
6.84451
3.9702
-9.52176
-9.80329
7.45696
-3.38395
4.63743
-7.61705
-2.10581
8.36707
-4.73393
-8.36885
4.02908
-0.147883
7.78433
9.02232
3.59314
-7.70829
-6.09143
9.82481
6.77958
-2.95017
-8.53213
-8.60459
8.52929
4.03761
-6.2459
-1.86342
-2.9232
-3.41718
-4.06067
4.88925
6.39186
-0.93217
-2.06182
-5.19115
3.46174
3.97826
1.83656
3.98406
-5.14035
0.609982
1.50147
-7.79069
4.74139
4.97739
-7.36309
-7.8818
1.37035
-6.30939
5.33346
2.3474
-1.37972
0.773518
-3.39265
-5.14043
8.8364
0.441796
7.63722
-7.34454
4.20351
-1.57362
-3.95719
-2.19533
4.68929
-4.9992
5.83354
-2.70616
5.08321
-7.2479
-8.63082
7.20907
4.07578
-2.56302
-6.83003
-3.86606
1.22428
9.91419
-4.40265
3.55979
-1.40428
-2.12155
3.77324
-3.90731
2.49453
-2.50868
-9.35015
-3.86778
-4.33731
4.3743
7.48118
7.63638
4.43765
0.973903
1.24201
-9.96891
0.384989
1.01636
1.5128
3.0414
-2.2331
2.4419
-5.71564
6.29738
-8.19393
6.45782
9.88293
-7.60598
-2.93899
-6.39778
-7.81652
-9.6303
-1.5903
-2.7955
3.44032
-1.66937
-8.72722
-7.5851
-3.04651
4.52083
3.98669
4.91734
-6.49383
-8.83525
-1.08533
-9.78715
-1.28943
5.84738
-5.72351
-7.54638
-9.68789
2.31631
-5.83516
-5.479
6.90804
2.97216
7.23803
-0.512902
-6.21516
5.85344
-3.3593
-8.29377
-4.42024
1.82617
-4.62884
5.28599
-1.30302
5.47649
7.21606
-6.8597
-5.10541
-6.29093
7.20078
3.59069
8.80154
7.41853
5.012
8.73394
-9.51496
7.284
6.85277
2.52157
5.28981
-1.49394
-3.42976
-7.49923
9.29825
0.244622
-4.40827
-8.93954
3.76049
3.01827
7.22194
6.23575
-3.87247
6.09941
-2.74263
-7.11236
0.860174
2.00266
6.79356
9.44347
-1.48189
-3.14991
0.727497
-1.78054
-3.14678
4.34947
7.04546
6.3275
-0.599409
-6.70168
-3.14799
4.78008
3.60157
0.196658
-3.38221
3.95267
6.59095
-8.70348
4.74391
-9.846
8.78275
4.13206
-9.23796
-0.381997
6.20607
-5.53387
-7.12048
-0.495684
6.64695
8.17851
7.76573
0.0289416
-6.92113
-8.26187
4.1515
5.00508
3.21184
-7.30747
1.73131
0.0329083
5.41726
-8.47176
-9.16507
-3.67582
-0.483892
7.07656
2.24962
-5.51652
-6.76352
3.44071
-4.6322
-4.8933
-9.59907
-8.40068
-4.48815
3.22389
0.504182
3.10209
-4.08613
-9.35324
8.26055
6.63836
8.53302
-3.76841
-0.526765
6.05808
-8.13284
8.79927
-8.69858
6.30341
8.41386
-6.35889
2.3369
-7.37617
-6.22618
-8.32868
4.07158
-0.331272
1.94687
3.66365
-9.8734
7.15981
4.58848
1.74609
4.36986
4.73709
-2.62376
-9.65288
1.68239
2.45283
-5.25138
-9.16949
-4.88295
-2.22239
9.75029
-7.32845
-3.43844
-7.28674
2.24177
-8.41874
2.36875
-6.17582
-5.94118
6.65037
4.9107
-2.84292
-9.3429
-2.64813
1.37257
2.89083
-3.77314
-7.09122
4.61223
0.223077
-6.8461
-5.28307
-8.58048
-9.14532
1.04021
3.63643
1.42586
4.18258
-1.65375
2.26791
-2.78731
-6.023
8.2068
-5.13774
-8.61885
5.23132
-4.70563
9.1381
9.57333
-8.32291
3.01215
2.67503
-3.66262
5.10991
9.10962
-2.79731
-8.47228
-6.55649
6.40593
-4.68584
3.41178
-3.1187
6.12155
-7.98688
7.16532
2.66148
-9.1394
6.98102
6.88781
-4.29886
8.12166
-0.736751
0.131815
2.65495
-7.02817
-6.2284
7.24998
3.24824
8.8902
5.94802
-3.78205
8.38642
1.52465
7.30748
6.15197
-2.05991
-6.97153
-1.63618
-9.77204
1.02686
-9.37211
-2.55742
8.41004
-7.86008
-2.9393
-7.28734
1.15899
-7.99707
1.52345
-8.15101
2.52367
-7.73091
5.83578
8.31104
1.69543
8.14809
-6.19405
-2.66382
-0.239153
-1.92956
3.4508
-1.73295
8.11992
-9.77146
7.04209
5.43323
8.50523
3.2255
-2.76549
7.97831
-5.0346
-6.61509
-2.84196
3.06509
5.34783
-8.88982
5.77033
-2.08424
-4.91986
9.92462
-1.53305
8.07903
-2.6842
-3.31907
7.5049
3.89738
0.250366
2.41983
-8.16211
8.92874
-9.33365
8.31509
5.1797
-4.58134
-9.87708
-1.78994
-7.73899
7.99905
-9.1663
-8.11361
-6.86054
-9.40478
7.89283
-4.8216
4.94291
8.85501
-4.59785
-6.56151
-0.487378
-5.11392
-9.93161
3.06448
-1.92993
9.1251
7.38882
-3.47351
-6.67439
-9.9955
4.59912
-5.40287
2.50707
2.77872
9.65437
-4.37157
-2.19622
9.28653
-3.25054
6.37407
-6.04988
-1.76566
2.92034
-2.01423
-4.57137
-3.72439
5.3238
-9.31449
1.43557
2.03504
-0.342983
2.81383
7.76211
-5.60492
-6.80385
-3.62686
-2.39322
1.75437
4.01564
9.03036
3.61532
-2.68159
-4.42972
9.33539
0.771687
6.34587
-5.98581
-9.51765
-7.16981
2.01053
6.99396
-8.56542
-3.46267
7.32553
-3.65411
-8.89201
-0.240673
9.40184
3.87342
0.330819
7.68656
9.97743
6.46494
-8.44664
0.470473
-8.73046
-6.91798
-7.83765
4.96588
-9.8018
-2.98598
3.46956
-9.23154
6.13961
9.22956
4.0114
-1.4175
-0.35296
-3.80672
-1.95106
8.31896
1.88574
-6.74353
3.73903
0.462443
9.54366
4.3307
-8.68462
1.47481
8.18983
-6.76029
1.04236
0.700451
-8.24263
-8.30104
-9.73391
-0.153105
-1.85789
-5.35516
-4.51835
-1.86353
4.75623
3.53384
-8.83082
-2.77175
4.99705
-8.26849
-5.25553
4.62221
1.53612
9.24469
-5.84667
6.17119
-2.5354
-5.58299
9.55892
5.29541
6.82508
-8.03263
-3.31696
5.3339
4.90454
5.62558
0.436817
3.05806
1.65944
1.89537
-7.40527
-4.34589
2.40512
2.99833
-4.17703
4.45907
4.8537
-7.7651
-6.92369
9.47419
-5.03488
-4.18817
1.24571
-3.68956
-7.06296
0.165029
1.30454
-2.06708
-0.137759
3.05057
-5.29137
-2.37976
-7.19477
6.84382
-6.58823
-3.74376
-3.22143
-8.19852
-5.16721
9.80425
-5.36278
-9.71298
5.03559
-5.97994
-3.63262
6.48635
-4.84644
9.64234
6.55175
-7.14451
-5.08803
-1.97496
9.68378
8.92029
0.495351
-5.9256
7.02993
1.12315
-5.19554
9.11453
3.26491
-3.21738
-0.507749
-6.31543
6.3056
0.0571815
-1.48091
1.08316
-2.3662
-6.19135
1.09225
2.60137
3.72597
-4.27268
-8.16331
9.76511
-9.38583
8.85883
-7.72308
6.54541
4.51098
1.1714
-0.0987686
-6.54245
1.08182
2.99428
-0.75175
7.88513
-3.60957
8.57937
8.93503
-7.97411
-6.35851
3.78542
-5.02131
6.8148
4.27381
7.61813
5.10843
-8.64586
0.206303
4.30295
-7.70988
1.14835
-0.591463
-5.49527
4.97395
-7.75499
0.570401
0.58829
-6.47813
-6.27411
-1.59194
9.34572
9.08145
8.44073
0.803308
-4.12697
-4.63247
6.05934
7.08205
0.295395
-6.77653
-2.87301
-4.34181
-7.5852
-9.39525
9.59687
4.17675
2.24599
0.216411
-2.90105
-0.825762
2.5394
7.2119
1.86535
0.934263
-4.95195
9.2055
-5.29062
-3.7332
-0.673009
-0.240225
-6.24657
-6.19453
-8.33083
-0.81141
-4.21422
7.33703
-5.64761
-2.01371
-3.67302
9.70176
0.234786
8.78569
-7.10565
7.79634
-5.01236
3.10644
0.82268
5.84694
5.55437
5.23823
1.64538
4.88895
-3.00271
3.67951
-6.15588
9.59112
5.52217
-7.79587
-2.82414
5.30927
9.50471
-0.250107
1.28894
7.47437
-4.30891
8.12175
-7.48833
8.84918
8.88026
-3.50248
9.16433
-2.62141
1.35415
-5.25223
4.20294
-4.32667
-4.30004
-3.22161
7.20215
2.78196
-9.37251
8.93126
7.4426
-2.19082
4.64592
5.70524
2.06392
-6.06909
4.31457
9.76788
-7.18013
-0.948571
-8.93284
-0.187177
-9.0705
7.17062
8.74102
-2.01429
-0.0737105
-8.28089
9.89267
8.37203
-6.60724
0.725446
-3.71515
-5.2544
-0.776262
-6.43339
-7.31433
5.06132
9.84086
-7.10302
4.98704
2.99664
2.90016
-6.36164
-3.14903
-5.52627
7.87307
-3.05237
3.41239
-3.8913
7.88004
-8.02985
7.35498
-0.167905
-5.18125
-4.1361
9.84098
5.7117
9.72324
4.77825
-4.20953
-4.19538
-5.95688
9.74402
5.90545
-6.49733
-5.163
4.14094
4.21583
3.45773
5.48332
-1.2695
3.94979
-9.76086
0.242594
9.16514
1.92151
-6.84776
-3.2638
-4.79109
-5.32991
9.2193
5.07919
4.24434
2.12345
5.58389
0.0230658
-9.58003
-2.99173
-8.74375
6.09429
9.25206
2.5566
1.18833
2.48574
-7.3172
-4.19532
-6.51411
-9.43894
6.37859
9.03871
3.77569
-7.47809
7.10312
4.37574
-4.69497
-5.62033
-1.19312
-5.70239
-4.4711
3.24699
-0.0593542
8.96783
1.31809
0.561012
-2.46319
-4.2973
7.39485
-4.32678
4.73601
-0.0509972
-6.62188
-6.14258
4.40525
5.01408
-8.58327
